    2  0.12482E+04  0.63173E-01  0.39358E+01
    3  0.11792E+04  0.11245E+00  0.50691E+01
    4  0.11073E+04  0.13824E+00  0.54128E+01
    5  0.10555E+04  0.13377E+00  0.51983E+01
    6  0.10143E+04  0.10776E+00  0.46838E+01
    7  0.99046E+03  0.74400E-01  0.40079E+01
    8  0.97233E+03  0.45413E-01  0.32982E+01
    9  0.95602E+03  0.26369E-01  0.26887E+01
   10  0.95440E+03  0.17026E-01  0.22047E+01
   11  0.96001E+03  0.13876E-01  0.18248E+01
   12  0.96705E+03  0.13285E-01  0.15498E+01
   13  0.97280E+03  0.12413E-01  0.13827E+01
   14  0.97832E+03  0.11104E-01  0.13072E+01
   15  0.98570E+03  0.98744E-02  0.13022E+01
   16  0.99658E+03  0.91375E-02  0.13476E+01
   17  0.10107E+04  0.89010E-02  0.14285E+01
   18  0.10271E+04  0.90702E-02  0.15310E+01
   19  0.10452E+04  0.95505E-02  0.16413E+01
   20  0.10641E+04  0.10248E-01  0.17456E+01
   21  0.10832E+04  0.11084E-01  0.18329E+01
   22  0.11022E+04  0.12059E-01  0.19026E+01
   23  0.11213E+04  0.13190E-01  0.19570E+01
   24  0.11405E+04  0.14492E-01  0.19985E+01
   25  0.11598E+04  0.15983E-01  0.20291E+01
   26  0.11793E+04  0.17678E-01  0.20514E+01
   27  0.11991E+04  0.19597E-01  0.20674E+01
   28  0.12191E+04  0.21754E-01  0.20794E+01
   29  0.12392E+04  0.24169E-01  0.20898E+01
   30  0.12599E+04  0.26863E-01  0.21007E+01
   31  0.12808E+04  0.29850E-01  0.21137E+01
   32  0.13020E+04  0.33138E-01  0.21277E+01
   33  0.13236E+04  0.36729E-01  0.21405E+01
   34  0.13456E+04  0.40626E-01  0.21502E+01
   35  0.13677E+04  0.44831E-01  0.21549E+01
   36  0.13902E+04  0.49347E-01  0.21525E+01
   37  0.14129E+04  0.54178E-01  0.21410E+01
   38  0.14358E+04  0.59325E-01  0.21184E+01
   39  0.14589E+04  0.64791E-01  0.20826E+01
   40  0.14822E+04  0.70577E-01  0.20313E+01
   41  0.15056E+04  0.76688E-01  0.19627E+01
   42  0.15292E+04  0.83121E-01  0.18767E+01
   43  0.15529E+04  0.89880E-01  0.17733E+01
   44  0.15768E+04  0.96964E-01  0.16524E+01
   45  0.16009E+04  0.10437E+00  0.15141E+01
   46  0.16251E+04  0.11212E+00  0.13584E+01
   47  0.16495E+04  0.12018E+00  0.11855E+01
   48  0.16742E+04  0.12859E+00  0.99523E+00
   49  0.16990E+04  0.13734E+00  0.78786E+00
   50  0.17241E+04  0.14644E+00  0.56325E+00
   51  0.17493E+04  0.15590E+00  0.32150E+00
   52  0.17748E+04  0.16571E+00  0.62906E-01
   53  0.18005E+04  0.17587E+00 -0.21234E+00
   54  0.18265E+04  0.18640E+00 -0.50402E+00
   55  0.18527E+04  0.19728E+00 -0.81189E+00
   56  0.18791E+04  0.20852E+00 -0.11358E+01
   57  0.19058E+04  0.22013E+00 -0.14757E+01
   58  0.19327E+04  0.23210E+00 -0.18315E+01
   59  0.19598E+04  0.24444E+00 -0.22031E+01
   60  0.19873E+04  0.25715E+00 -0.25903E+01
   61  0.20149E+04  0.27024E+00 -0.29930E+01
   62  0.20428E+04  0.28369E+00 -0.34112E+01
   63  0.20710E+04  0.29750E+00 -0.38445E+01
   64  0.20993E+04  0.31165E+00 -0.42928E+01
   65  0.21280E+04  0.32613E+00 -0.47559E+01
   66  0.21569E+04  0.34092E+00 -0.52338E+01
   67  0.21861E+04  0.35604E+00 -0.57262E+01
   68  0.22155E+04  0.37144E+00 -0.62331E+01
   69  0.22453E+04  0.38714E+00 -0.67543E+01
   70  0.22754E+04  0.40313E+00 -0.72897E+01
   71  0.23057E+04  0.41938E+00 -0.78392E+01
   72  0.23363E+04  0.43589E+00 -0.84025E+01
   73  0.23672E+04  0.45265E+00 -0.89796E+01
   74  0.23984E+04  0.46966E+00 -0.95704E+01
   75  0.24299E+04  0.48689E+00 -0.10175E+02
   76  0.24617E+04  0.50436E+00 -0.10793E+02
   77  0.24938E+04  0.52203E+00 -0.11424E+02
   78  0.25263E+04  0.53991E+00 -0.12069E+02
   79  0.25590E+04  0.55799E+00 -0.12728E+02
   80  0.25921E+04  0.57627E+00 -0.13400E+02
   81  0.26256E+04  0.59473E+00 -0.14085E+02
   82  0.26593E+04  0.61337E+00 -0.14782E+02
   83  0.26935E+04  0.63214E+00 -0.15492E+02
   84  0.27279E+04  0.65105E+00 -0.16213E+02
   85  0.27626E+04  0.67005E+00 -0.16945E+02
   86  0.27976E+04  0.68912E+00 -0.17687E+02
   87  0.28330E+04  0.70824E+00 -0.18438E+02
   88  0.28687E+04  0.72739E+00 -0.19196E+02
   89  0.29047E+04  0.74654E+00 -0.19963E+02
   90  0.29409E+04  0.76568E+00 -0.20735E+02
   91  0.29773E+04  0.78476E+00 -0.21514E+02
   92  0.30142E+04  0.80379E+00 -0.22300E+02
   93  0.30512E+04  0.82276E+00 -0.23089E+02
   94  0.30887E+04  0.84166E+00 -0.23885E+02
   95  0.31263E+04  0.86048E+00 -0.24684E+02
   96  0.31643E+04  0.87922E+00 -0.25488E+02
   97  0.32026E+04  0.89787E+00 -0.26297E+02
   98  0.32411E+04  0.91643E+00 -0.27108E+02
   99  0.32798E+04  0.93488E+00 -0.27923E+02
  100  0.33188E+04  0.95323E+00 -0.28741E+02
  101  0.33581E+04  0.97143E+00 -0.29561E+02
  102  0.33977E+04  0.98948E+00 -0.30382E+02
  103  0.34375E+04  0.10073E+01 -0.31203E+02
  104  0.34776E+04  0.10250E+01 -0.32024E+02
  105  0.35179E+04  0.10424E+01 -0.32843E+02
  106  0.35584E+04  0.10595E+01 -0.33660E+02
  107  0.35992E+04  0.10763E+01 -0.34473E+02
  108  0.36401E+04  0.10928E+01 -0.35282E+02
  109  0.36813E+04  0.11090E+01 -0.36086E+02
  110  0.37227E+04  0.11247E+01 -0.36883E+02
  111  0.37642E+04  0.11401E+01 -0.37674E+02
  112  0.38060E+04  0.11551E+01 -0.38458E+02
  113  0.38480E+04  0.11697E+01 -0.39235E+02
  114  0.38902E+04  0.11839E+01 -0.40006E+02
  115  0.39327E+04  0.11978E+01 -0.40772E+02
  116  0.39754E+04  0.12113E+01 -0.41531E+02
  117  0.40185E+04  0.12245E+01 -0.42286E+02
  118  0.40617E+04  0.12374E+01 -0.43035E+02
  119  0.41053E+04  0.12499E+01 -0.43779E+02
  120  0.41490E+04  0.12621E+01 -0.44514E+02
  121  0.41930E+04  0.12738E+01 -0.45241E+02
  122  0.42371E+04  0.12852E+01 -0.45957E+02
  123  0.42814E+04  0.12960E+01 -0.46659E+02
  124  0.43258E+04  0.13063E+01 -0.47349E+02
  125  0.43701E+04  0.13160E+01 -0.48021E+02
  126  0.44145E+04  0.13253E+01 -0.48677E+02
  127  0.44587E+04  0.13338E+01 -0.49313E+02
  128  0.45030E+04  0.13417E+01 -0.49928E+02
  129  0.45471E+04  0.13489E+01 -0.50521E+02
  130  0.45911E+04  0.13554E+01 -0.51089E+02
  131  0.46349E+04  0.13611E+01 -0.51633E+02
  132  0.46786E+04  0.13660E+01 -0.52148E+02
  133  0.47219E+04  0.13701E+01 -0.52636E+02
  134  0.47651E+04  0.13732E+01 -0.53094E+02
  135  0.48080E+04  0.13754E+01 -0.53521E+02
  136  0.48505E+04  0.13767E+01 -0.53918E+02
  137  0.48928E+04  0.13769E+01 -0.54283E+02
  138  0.49349E+04  0.13764E+01 -0.54617E+02
  139  0.49767E+04  0.13749E+01 -0.54921E+02
  140  0.50184E+04  0.13726E+01 -0.55195E+02
  141  0.50599E+04  0.13696E+01 -0.55442E+02
  142  0.51011E+04  0.13658E+01 -0.55661E+02
  143  0.51423E+04  0.13613E+01 -0.55853E+02
  144  0.51833E+04  0.13562E+01 -0.56019E+02
  145  0.52242E+04  0.13505E+01 -0.56160E+02
  146  0.52650E+04  0.13443E+01 -0.56276E+02
  147  0.53058E+04  0.13375E+01 -0.56369E+02
  148  0.53465E+04  0.13304E+01 -0.56438E+02
  149  0.53872E+04  0.13229E+01 -0.56486E+02
  150  0.54279E+04  0.13149E+01 -0.56512E+02
  151  0.54686E+04  0.13067E+01 -0.56517E+02
  152  0.55093E+04  0.12981E+01 -0.56502E+02
  153  0.55500E+04  0.12893E+01 -0.56463E+02
  154  0.55907E+04  0.12802E+01 -0.56404E+02
  155  0.56313E+04  0.12708E+01 -0.56320E+02
  156  0.56718E+04  0.12612E+01 -0.56214E+02
  157  0.57122E+04  0.12514E+01 -0.56083E+02
  158  0.57524E+04  0.12412E+01 -0.55926E+02
  159  0.57925E+04  0.12310E+01 -0.55745E+02
  160  0.58323E+04  0.12205E+01 -0.55538E+02
  161  0.58721E+04  0.12098E+01 -0.55304E+02
  162  0.59115E+04  0.11989E+01 -0.55043E+02
  163  0.59508E+04  0.11879E+01 -0.54754E+02
  164  0.59897E+04  0.11767E+01 -0.54437E+02
  165  0.60284E+04  0.11653E+01 -0.54089E+02
  166  0.60666E+04  0.11539E+01 -0.53713E+02
  167  0.61047E+04  0.11423E+01 -0.53306E+02
  168  0.61422E+04  0.11307E+01 -0.52869E+02
  169  0.61795E+04  0.11189E+01 -0.52400E+02
  170  0.62164E+04  0.11070E+01 -0.51899E+02
  171  0.62527E+04  0.10952E+01 -0.51365E+02
  172  0.62887E+04  0.10831E+01 -0.50798E+02
  173  0.63241E+04  0.10712E+01 -0.50197E+02
  174  0.63591E+04  0.10590E+01 -0.49560E+02
  175  0.63935E+04  0.10470E+01 -0.48890E+02
  176  0.64274E+04  0.10350E+01 -0.48184E+02
  177  0.64607E+04  0.10228E+01 -0.47440E+02
  178  0.64935E+04  0.10108E+01 -0.46661E+02
  179  0.65256E+04  0.99876E+00 -0.45843E+02
  180  0.65571E+04  0.98675E+00 -0.44988E+02
  181  0.65879E+04  0.97478E+00 -0.44093E+02
  182  0.66181E+04  0.96293E+00 -0.43160E+02
  183  0.66475E+04  0.95121E+00 -0.42189E+02
  184  0.66763E+04  0.93970E+00 -0.41180E+02
  185  0.67044E+04  0.92832E+00 -0.40135E+02
  186  0.67318E+04  0.91718E+00 -0.39052E+02
  187  0.67584E+04  0.90641E+00 -0.37933E+02
  188  0.67844E+04  0.89597E+00 -0.36778E+02
  189  0.68096E+04  0.88585E+00 -0.35588E+02
  190  0.68340E+04  0.87617E+00 -0.34363E+02
  191  0.68578E+04  0.86700E+00 -0.33104E+02
  192  0.68808E+04  0.85828E+00 -0.31811E+02
  193  0.69029E+04  0.85009E+00 -0.30484E+02
  194  0.69244E+04  0.84253E+00 -0.29125E+02
  195  0.69450E+04  0.83562E+00 -0.27734E+02
  196  0.69648E+04  0.82940E+00 -0.26310E+02
  197  0.69839E+04  0.82385E+00 -0.24855E+02
  198  0.70021E+04  0.81907E+00 -0.23369E+02
  199  0.70196E+04  0.81507E+00 -0.21853E+02
  200  0.70361E+04  0.81194E+00 -0.20307E+02
  201  0.70520E+04  0.80968E+00 -0.18731E+02
  202  0.70669E+04  0.80837E+00 -0.17127E+02
  203  0.70810E+04  0.80805E+00 -0.15495E+02
  204  0.70943E+04  0.80877E+00 -0.13836E+02
  205  0.71068E+04  0.81058E+00 -0.12150E+02
  206  0.71184E+04  0.81354E+00 -0.10438E+02
  207  0.71292E+04  0.81769E+00 -0.87013E+01
  208  0.71392E+04  0.82313E+00 -0.69407E+01
  209  0.71484E+04  0.82982E+00 -0.51563E+01
  210  0.71568E+04  0.83785E+00 -0.33492E+01
  211  0.71644E+04  0.84737E+00 -0.15201E+01
  212  0.71711E+04  0.85827E+00  0.33022E+00
  213  0.71770E+04  0.87069E+00  0.22011E+01
  214  0.71822E+04  0.88476E+00  0.40917E+01
  215  0.71865E+04  0.90037E+00  0.60014E+01
  216  0.71900E+04  0.91763E+00  0.79292E+01
  217  0.71927E+04  0.93665E+00  0.98744E+01
  218  0.71947E+04  0.95743E+00  0.11837E+02
  219  0.71957E+04  0.98006E+00  0.13815E+02
  220  0.71961E+04  0.10045E+01  0.15809E+02
  221  0.71956E+04  0.10309E+01  0.17817E+02
  222  0.71943E+04  0.10593E+01  0.19839E+02
  223  0.71922E+04  0.10897E+01  0.21874E+02
  224  0.71894E+04  0.11222E+01  0.23921E+02
  225  0.71857E+04  0.11569E+01  0.25980E+02
  226  0.71812E+04  0.11937E+01  0.28050E+02
  227  0.71760E+04  0.12328E+01  0.30130E+02
  228  0.71701E+04  0.12741E+01  0.32219E+02
  229  0.71633E+04  0.13176E+01  0.34316E+02
  230  0.71557E+04  0.13634E+01  0.36419E+02
  231  0.71475E+04  0.14115E+01  0.38530E+02
  232  0.71384E+04  0.14619E+01  0.40645E+02
  233  0.71286E+04  0.15146E+01  0.42765E+02
  234  0.71181E+04  0.15696E+01  0.44889E+02
  235  0.71068E+04  0.16270E+01  0.47015E+02
  236  0.70948E+04  0.16867E+01  0.49144E+02
  237  0.70820E+04  0.17488E+01  0.51273E+02
  238  0.70686E+04  0.18133E+01  0.53401E+02
  239  0.70544E+04  0.18802E+01  0.55529E+02
  240  0.70395E+04  0.19495E+01  0.57654E+02
  241  0.70239E+04  0.20212E+01  0.59776E+02
  242  0.70077E+04  0.20954E+01  0.61895E+02
  243  0.69906E+04  0.21721E+01  0.64009E+02
  244  0.69730E+04  0.22512E+01  0.66117E+02
  245  0.69546E+04  0.23328E+01  0.68218E+02
  246  0.69356E+04  0.24169E+01  0.70313E+02
  247  0.69159E+04  0.25036E+01  0.72398E+02
  248  0.68955E+04  0.25928E+01  0.74474E+02
  249  0.68745E+04  0.26845E+01  0.76539E+02
  250  0.68528E+04  0.27788E+01  0.78594E+02
  251  0.68305E+04  0.28758E+01  0.80637E+02
  252  0.68076E+04  0.29752E+01  0.82663E+02
  253  0.67840E+04  0.30774E+01  0.84682E+02
  254  0.67597E+04  0.31821E+01  0.86682E+02
  255  0.67348E+04  0.32895E+01  0.88663E+02
  256  0.67093E+04  0.33995E+01  0.90636E+02
  257  0.66833E+04  0.35122E+01  0.92581E+02
  258  0.66566E+04  0.36275E+01  0.94514E+02
  259  0.66293E+04  0.37457E+01  0.96428E+02
  260  0.66014E+04  0.38665E+01  0.98318E+02
  261  0.65729E+04  0.39900E+01  0.10018E+03
  262  0.65439E+04  0.41162E+01  0.10203E+03
  263  0.65142E+04  0.42452E+01  0.10386E+03
  264  0.64840E+04  0.43770E+01  0.10566E+03
  265  0.64532E+04  0.45115E+01  0.10744E+03
  266  0.64219E+04  0.46489E+01  0.10918E+03
  267  0.63900E+04  0.47890E+01  0.11091E+03
  268  0.63576E+04  0.49320E+01  0.11260E+03
  269  0.63246E+04  0.50779E+01  0.11427E+03
  270  0.62911E+04  0.52265E+01  0.11591E+03
  271  0.62571E+04  0.53781E+01  0.11751E+03
  272  0.62225E+04  0.55324E+01  0.11908E+03
  273  0.61874E+04  0.56896E+01  0.12063E+03
  274  0.61519E+04  0.58494E+01  0.12214E+03
  275  0.61159E+04  0.60121E+01  0.12361E+03
  276  0.60794E+04  0.61773E+01  0.12506E+03
  277  0.60425E+04  0.63450E+01  0.12647E+03
  278  0.60051E+04  0.65152E+01  0.12785E+03
  279  0.59674E+04  0.66879E+01  0.12920E+03
  280  0.59291E+04  0.68629E+01  0.13051E+03
  281  0.58906E+04  0.70403E+01  0.13177E+03
  282  0.58517E+04  0.72199E+01  0.13301E+03
  283  0.58123E+04  0.74018E+01  0.13421E+03
  284  0.57727E+04  0.75857E+01  0.13538E+03
  285  0.57327E+04  0.77718E+01  0.13651E+03
  286  0.56924E+04  0.79599E+01  0.13759E+03
  287  0.56518E+04  0.81499E+01  0.13865E+03
  288  0.56109E+04  0.83418E+01  0.13966E+03
  289  0.55698E+04  0.85356E+01  0.14064E+03
  290  0.55283E+04  0.87314E+01  0.14157E+03
  291  0.54866E+04  0.89292E+01  0.14246E+03
  292  0.54448E+04  0.91277E+01  0.14332E+03
  293  0.54027E+04  0.93281E+01  0.14413E+03
  294  0.53604E+04  0.95305E+01  0.14490E+03
  295  0.53179E+04  0.97341E+01  0.14564E+03
  296  0.52752E+04  0.99395E+01  0.14633E+03
  297  0.52324E+04  0.10146E+02  0.14697E+03
  298  0.51894E+04  0.10354E+02  0.14757E+03
  299  0.51463E+04  0.10563E+02  0.14814E+03
  300  0.51030E+04  0.10774E+02  0.14865E+03
  301  0.50598E+04  0.10985E+02  0.14912E+03
  302  0.50164E+04  0.11198E+02  0.14955E+03
  303  0.49729E+04  0.11411E+02  0.14993E+03
  304  0.49293E+04  0.11626E+02  0.15027E+03
  305  0.48857E+04  0.11842E+02  0.15056E+03
  306  0.48421E+04  0.12058E+02  0.15080E+03
  307  0.47985E+04  0.12275E+02  0.15100E+03
  308  0.47548E+04  0.12493E+02  0.15114E+03
  309  0.47113E+04  0.12712E+02  0.15125E+03
  310  0.46677E+04  0.12931E+02  0.15130E+03
  311  0.46241E+04  0.13151E+02  0.15130E+03
  312  0.45806E+04  0.13371E+02  0.15126E+03
  313  0.45372E+04  0.13592E+02  0.15117E+03
  314  0.44939E+04  0.13814E+02  0.15102E+03
  315  0.44506E+04  0.14035E+02  0.15083E+03
  316  0.44075E+04  0.14257E+02  0.15058E+03
  317  0.43645E+04  0.14480E+02  0.15028E+03
  318  0.43217E+04  0.14701E+02  0.14993E+03
  319  0.42790E+04  0.14924E+02  0.14953E+03
  320  0.42364E+04  0.15146E+02  0.14908E+03
  321  0.41940E+04  0.15368E+02  0.14859E+03
  322  0.41518E+04  0.15590E+02  0.14803E+03
  323  0.41097E+04  0.15811E+02  0.14744E+03
  324  0.40679E+04  0.16032E+02  0.14680E+03
  325  0.40263E+04  0.16253E+02  0.14610E+03
  326  0.39848E+04  0.16473E+02  0.14537E+03
  327  0.39437E+04  0.16692E+02  0.14459E+03
  328  0.39027E+04  0.16910E+02  0.14376E+03
  329  0.38620E+04  0.17128E+02  0.14289E+03
  330  0.38215E+04  0.17344E+02  0.14197E+03
  331  0.37813E+04  0.17560E+02  0.14102E+03
  332  0.37414E+04  0.17775E+02  0.14001E+03
  333  0.37017E+04  0.17988E+02  0.13896E+03
  334  0.36624E+04  0.18200E+02  0.13787E+03
  335  0.36233E+04  0.18411E+02  0.13675E+03
  336  0.35846E+04  0.18619E+02  0.13557E+03
  337  0.35461E+04  0.18827E+02  0.13436E+03
  338  0.35080E+04  0.19033E+02  0.13311E+03
  339  0.34703E+04  0.19237E+02  0.13181E+03
  340  0.34329E+04  0.19439E+02  0.13048E+03
  341  0.33959E+04  0.19639E+02  0.12911E+03
  342  0.33592E+04  0.19837E+02  0.12770E+03
  343  0.33229E+04  0.20034E+02  0.12626E+03
  344  0.32870E+04  0.20227E+02  0.12477E+03
  345  0.32514E+04  0.20419E+02  0.12326E+03
  346  0.32163E+04  0.20608E+02  0.12170E+03
  347  0.31817E+04  0.20794E+02  0.12011E+03
  348  0.31474E+04  0.20978E+02  0.11848E+03
  349  0.31136E+04  0.21160E+02  0.11682E+03
  350  0.30802E+04  0.21338E+02  0.11513E+03
  351  0.30473E+04  0.21514E+02  0.11340E+03
  352  0.30148E+04  0.21687E+02  0.11164E+03
  353  0.29829E+04  0.21857E+02  0.10985E+03
  354  0.29514E+04  0.22024E+02  0.10802E+03
  355  0.29204E+04  0.22187E+02  0.10617E+03
  356  0.28899E+04  0.22347E+02  0.10428E+03
  357  0.28599E+04  0.22504E+02  0.10237E+03
  358  0.28305E+04  0.22657E+02  0.10042E+03
  359  0.28015E+04  0.22807E+02  0.98444E+02
  360  0.27732E+04  0.22953E+02  0.96443E+02
  361  0.27454E+04  0.23095E+02  0.94411E+02
  362  0.27181E+04  0.23234E+02  0.92348E+02
  363  0.26914E+04  0.23368E+02  0.90261E+02
  364  0.26653E+04  0.23499E+02  0.88147E+02
  365  0.26398E+04  0.23626E+02  0.86017E+02
  366  0.26147E+04  0.23749E+02  0.83854E+02
  367  0.25903E+04  0.23868E+02  0.81675E+02
  368  0.25663E+04  0.23983E+02  0.79473E+02
  369  0.25430E+04  0.24094E+02  0.77250E+02
  370  0.25202E+04  0.24201E+02  0.75009E+02
  371  0.24980E+04  0.24303E+02  0.72749E+02
  372  0.24764E+04  0.24403E+02  0.70472E+02
  373  0.24552E+04  0.24497E+02  0.68180E+02
  374  0.24347E+04  0.24587E+02  0.65872E+02
  375  0.24147E+04  0.24673E+02  0.63550E+02
  376  0.23952E+04  0.24755E+02  0.61216E+02
  377  0.23763E+04  0.24833E+02  0.58869E+02
  378  0.23580E+04  0.24907E+02  0.56512E+02
  379  0.23402E+04  0.24977E+02  0.54145E+02
  380  0.23229E+04  0.25041E+02  0.51769E+02
  381  0.23062E+04  0.25102E+02  0.49386E+02
  382  0.22901E+04  0.25158E+02  0.46996E+02
  383  0.22745E+04  0.25210E+02  0.44601E+02
  384  0.22594E+04  0.25257E+02  0.42200E+02
  385  0.22449E+04  0.25300E+02  0.39797E+02
  386  0.22310E+04  0.25338E+02  0.37391E+02
  387  0.22176E+04  0.25373E+02  0.34983E+02
  388  0.22047E+04  0.25402E+02  0.32574E+02
  389  0.21924E+04  0.25427E+02  0.30167E+02
  390  0.21807E+04  0.25447E+02  0.27761E+02
  391  0.21695E+04  0.25462E+02  0.25358E+02
  392  0.21588E+04  0.25473E+02  0.22958E+02
  393  0.21487E+04  0.25479E+02  0.20564E+02
  394  0.21391E+04  0.25481E+02  0.18174E+02
  395  0.21300E+04  0.25477E+02  0.15793E+02
  396  0.21216E+04  0.25469E+02  0.13418E+02
  397  0.21136E+04  0.25456E+02  0.11053E+02
  398  0.21062E+04  0.25438E+02  0.86975E+01
  399  0.20993E+04  0.25416E+02  0.63528E+01
  400  0.20930E+04  0.25388E+02  0.40205E+01
  401  0.20872E+04  0.25356E+02  0.17012E+01
  402  0.20819E+04  0.25318E+02 -0.60395E+00
  403  0.20772E+04  0.25276E+02 -0.28940E+01
  404  0.20730E+04  0.25229E+02 -0.51678E+01
  405  0.20694E+04  0.25177E+02 -0.74245E+01
  406  0.20663E+04  0.25119E+02 -0.96631E+01
  407  0.20637E+04  0.25057E+02 -0.11882E+02
  408  0.20618E+04  0.24990E+02 -0.14081E+02
  409  0.20602E+04  0.24917E+02 -0.16260E+02
  410  0.20591E+04  0.24840E+02 -0.18418E+02
  411  0.20587E+04  0.24758E+02 -0.20554E+02
  412  0.20587E+04  0.24672E+02 -0.22668E+02
  413  0.20591E+04  0.24580E+02 -0.24759E+02
  414  0.20600E+04  0.24485E+02 -0.26826E+02
  415  0.20614E+04  0.24385E+02 -0.28869E+02
  416  0.20634E+04  0.24281E+02 -0.30888E+02
  417  0.20657E+04  0.24172E+02 -0.32880E+02
  418  0.20684E+04  0.24059E+02 -0.34847E+02
  419  0.20715E+04  0.23943E+02 -0.36787E+02
  420  0.20752E+04  0.23821E+02 -0.38700E+02
  421  0.20792E+04  0.23697E+02 -0.40584E+02
  422  0.20836E+04  0.23568E+02 -0.42441E+02
  423  0.20884E+04  0.23436E+02 -0.44268E+02
  424  0.20936E+04  0.23300E+02 -0.46065E+02
  425  0.20992E+04  0.23160E+02 -0.47832E+02
  426  0.21051E+04  0.23017E+02 -0.49568E+02
  427  0.21115E+04  0.22870E+02 -0.51272E+02
  428  0.21182E+04  0.22720E+02 -0.52944E+02
  429  0.21252E+04  0.22567E+02 -0.54582E+02
  430  0.21325E+04  0.22410E+02 -0.56188E+02
  431  0.21402E+04  0.22251E+02 -0.57760E+02
  432  0.21482E+04  0.22088E+02 -0.59296E+02
  433  0.21566E+04  0.21923E+02 -0.60797E+02
  434  0.21652E+04  0.21754E+02 -0.62262E+02
  435  0.21741E+04  0.21583E+02 -0.63690E+02
  436  0.21833E+04  0.21409E+02 -0.65082E+02
  437  0.21927E+04  0.21233E+02 -0.66435E+02
  438  0.22024E+04  0.21053E+02 -0.67750E+02
  439  0.22124E+04  0.20872E+02 -0.69026E+02
  440  0.22227E+04  0.20688E+02 -0.70261E+02
  441  0.22332E+04  0.20501E+02 -0.71457E+02
  442  0.22439E+04  0.20313E+02 -0.72612E+02
  443  0.22548E+04  0.20122E+02 -0.73725E+02
  444  0.22660E+04  0.19930E+02 -0.74795E+02
  445  0.22773E+04  0.19735E+02 -0.75823E+02
  446  0.22889E+04  0.19538E+02 -0.76808E+02
  447  0.23006E+04  0.19340E+02 -0.77748E+02
  448  0.23126E+04  0.19139E+02 -0.78643E+02
  449  0.23246E+04  0.18938E+02 -0.79493E+02
  450  0.23369E+04  0.18735E+02 -0.80297E+02
  451  0.23493E+04  0.18529E+02 -0.81055E+02
  452  0.23619E+04  0.18323E+02 -0.81765E+02
  453  0.23746E+04  0.18116E+02 -0.82428E+02
  454  0.23875E+04  0.17907E+02 -0.83046E+02
  455  0.24004E+04  0.17697E+02 -0.83618E+02
  456  0.24134E+04  0.17486E+02 -0.84146E+02
  457  0.24267E+04  0.17275E+02 -0.84620E+02
  458  0.24399E+04  0.17063E+02 -0.85062E+02
  459  0.24532E+04  0.16850E+02 -0.85446E+02
  460  0.24667E+04  0.16638E+02 -0.85798E+02
  461  0.24802E+04  0.16425E+02 -0.86093E+02
  462  0.24938E+04  0.16211E+02 -0.86355E+02
  463  0.25074E+04  0.15998E+02 -0.86567E+02
  464  0.25211E+04  0.15784E+02 -0.86742E+02
  465  0.25348E+04  0.15572E+02 -0.86868E+02
  466  0.25486E+04  0.15359E+02 -0.86959E+02
  467  0.25624E+04  0.15147E+02 -0.87004E+02
  468  0.25762E+04  0.14936E+02 -0.87007E+02
  469  0.25900E+04  0.14725E+02 -0.86970E+02
  470  0.26038E+04  0.14516E+02 -0.86884E+02
  471  0.26176E+04  0.14307E+02 -0.86767E+02
  472  0.26314E+04  0.14099E+02 -0.86609E+02
  473  0.26451E+04  0.13893E+02 -0.86412E+02
  474  0.26589E+04  0.13689E+02 -0.86167E+02
  475  0.26725E+04  0.13486E+02 -0.85884E+02
  476  0.26862E+04  0.13284E+02 -0.85574E+02
  477  0.26998E+04  0.13084E+02 -0.85215E+02
  478  0.27133E+04  0.12887E+02 -0.84816E+02
  479  0.27267E+04  0.12691E+02 -0.84385E+02
  480  0.27401E+04  0.12497E+02 -0.83917E+02
  481  0.27534E+04  0.12306E+02 -0.83412E+02
  482  0.27666E+04  0.12117E+02 -0.82862E+02
  483  0.27796E+04  0.11931E+02 -0.82286E+02
  484  0.27926E+04  0.11747E+02 -0.81669E+02
  485  0.28054E+04  0.11567E+02 -0.81015E+02
  486  0.28181E+04  0.11389E+02 -0.80326E+02
  487  0.28307E+04  0.11214E+02 -0.79603E+02
  488  0.28431E+04  0.11043E+02 -0.78844E+02
  489  0.28554E+04  0.10875E+02 -0.78052E+02
  490  0.28675E+04  0.10710E+02 -0.77224E+02
  491  0.28795E+04  0.10549E+02 -0.76364E+02
  492  0.28912E+04  0.10392E+02 -0.75470E+02
  493  0.29028E+04  0.10239E+02 -0.74542E+02
  494  0.29142E+04  0.10090E+02 -0.73582E+02
  495  0.29254E+04  0.99440E+01 -0.72590E+02
  496  0.29363E+04  0.98031E+01 -0.71565E+02
  497  0.29471E+04  0.96663E+01 -0.70508E+02
  498  0.29576E+04  0.95345E+01 -0.69421E+02
  499  0.29679E+04  0.94068E+01 -0.68304E+02
  500  0.29780E+04  0.92840E+01 -0.67159E+02
  501  0.29879E+04  0.91649E+01 -0.65984E+02
  502  0.29975E+04  0.90511E+01 -0.64784E+02
  503  0.30069E+04  0.89423E+01 -0.63557E+02
  504  0.30160E+04  0.88371E+01 -0.62305E+02
  505  0.30249E+04  0.87378E+01 -0.61029E+02
  506  0.30336E+04  0.86428E+01 -0.59730E+02
  507  0.30421E+04  0.85536E+01 -0.58409E+02
  508  0.30503E+04  0.84684E+01 -0.57066E+02
  509  0.30582E+04  0.83888E+01 -0.55703E+02
  510  0.30660E+04  0.83144E+01 -0.54321E+02
  511  0.30734E+04  0.82443E+01 -0.52920E+02
  512  0.30807E+04  0.81802E+01 -0.51502E+02
  513  0.30876E+04  0.81213E+01 -0.50068E+02
  514  0.30943E+04  0.80676E+01 -0.48617E+02
  515  0.31008E+04  0.80193E+01 -0.47153E+02
  516  0.31070E+04  0.79764E+01 -0.45674E+02
  517  0.31129E+04  0.79391E+01 -0.44184E+02
  518  0.31186E+04  0.79073E+01 -0.42681E+02
  519  0.31240E+04  0.78811E+01 -0.41168E+02
  520  0.31291E+04  0.78605E+01 -0.39644E+02
  521  0.31340E+04  0.78457E+01 -0.38112E+02
  522  0.31386E+04  0.78366E+01 -0.36573E+02
  523  0.31429E+04  0.78335E+01 -0.35026E+02
  524  0.31469E+04  0.78361E+01 -0.33473E+02
  525  0.31507E+04  0.78447E+01 -0.31915E+02
  526  0.31541E+04  0.78594E+01 -0.30353E+02
  527  0.31574E+04  0.78800E+01 -0.28788E+02
  528  0.31603E+04  0.79068E+01 -0.27221E+02
  529  0.31629E+04  0.79397E+01 -0.25653E+02
  530  0.31652E+04  0.79789E+01 -0.24084E+02
  531  0.31673E+04  0.80244E+01 -0.22516E+02
  532  0.31691E+04  0.80762E+01 -0.20950E+02
  533  0.31705E+04  0.81343E+01 -0.19386E+02
  534  0.31717E+04  0.81992E+01 -0.17826E+02
  535  0.31725E+04  0.82702E+01 -0.16270E+02
  536  0.31731E+04  0.83475E+01 -0.14720E+02
  537  0.31733E+04  0.84320E+01 -0.13177E+02
  538  0.31733E+04  0.85230E+01 -0.11640E+02
  539  0.31729E+04  0.86205E+01 -0.10112E+02
  540  0.31722E+04  0.87253E+01 -0.85936E+01
  541  0.31713E+04  0.88361E+01 -0.70853E+01
  542  0.31700E+04  0.89548E+01 -0.55880E+01
  543  0.31684E+04  0.90797E+01 -0.41028E+01
  544  0.31665E+04  0.92115E+01 -0.26301E+01
  545  0.31642E+04  0.93495E+01 -0.11708E+01
  546  0.31618E+04  0.94947E+01  0.27438E+00
  547  0.31590E+04  0.96465E+01  0.17047E+01
  548  0.31558E+04  0.98041E+01  0.31196E+01
  549  0.31525E+04  0.99686E+01  0.45183E+01
  550  0.31489E+04  0.10139E+02  0.58999E+01
  551  0.31450E+04  0.10316E+02  0.72639E+01
  552  0.31408E+04  0.10499E+02  0.86096E+01
  553  0.31364E+04  0.10688E+02  0.99359E+01
  554  0.31317E+04  0.10882E+02  0.11243E+02
  555  0.31267E+04  0.11083E+02  0.12528E+02
  556  0.31215E+04  0.11289E+02  0.13793E+02
  557  0.31161E+04  0.11501E+02  0.15036E+02
  558  0.31104E+04  0.11719E+02  0.16256E+02
  559  0.31046E+04  0.11942E+02  0.17453E+02
  560  0.30985E+04  0.12172E+02  0.18626E+02
  561  0.30921E+04  0.12405E+02  0.19774E+02
  562  0.30856E+04  0.12645E+02  0.20896E+02
  563  0.30788E+04  0.12889E+02  0.21991E+02
  564  0.30718E+04  0.13139E+02  0.23061E+02
  565  0.30647E+04  0.13394E+02  0.24102E+02
  566  0.30573E+04  0.13654E+02  0.25114E+02
  567  0.30497E+04  0.13918E+02  0.26097E+02
  568  0.30420E+04  0.14188E+02  0.27051E+02
  569  0.30341E+04  0.14462E+02  0.27974E+02
  570  0.30260E+04  0.14741E+02  0.28865E+02
  571  0.30178E+04  0.15024E+02  0.29726E+02
  572  0.30093E+04  0.15312E+02  0.30552E+02
  573  0.30007E+04  0.15604E+02  0.31346E+02
  574  0.29920E+04  0.15901E+02  0.32105E+02
  575  0.29831E+04  0.16202E+02  0.32830E+02
  576  0.29741E+04  0.16507E+02  0.33519E+02
  577  0.29649E+04  0.16816E+02  0.34170E+02
  578  0.29556E+04  0.17130E+02  0.34786E+02
  579  0.29461E+04  0.17447E+02  0.35363E+02
  580  0.29366E+04  0.17768E+02  0.35902E+02
  581  0.29269E+04  0.18092E+02  0.36402E+02
  582  0.29171E+04  0.18420E+02  0.36863E+02
  583  0.29072E+04  0.18752E+02  0.37282E+02
  584  0.28971E+04  0.19088E+02  0.37660E+02
  585  0.28870E+04  0.19427E+02  0.37996E+02
  586  0.28768E+04  0.19770E+02  0.38288E+02
  587  0.28665E+04  0.20115E+02  0.38538E+02
  588  0.28561E+04  0.20464E+02  0.38744E+02
  589  0.28457E+04  0.20815E+02  0.38907E+02
  590  0.28351E+04  0.21170E+02  0.39027E+02
  591  0.28245E+04  0.21527E+02  0.39103E+02
  592  0.28139E+04  0.21887E+02  0.39138E+02
  593  0.28031E+04  0.22249E+02  0.39129E+02
  594  0.27924E+04  0.22613E+02  0.39078E+02
  595  0.27816E+04  0.22979E+02  0.38986E+02
  596  0.27707E+04  0.23348E+02  0.38851E+02
  597  0.27598E+04  0.23718E+02  0.38675E+02
  598  0.27489E+04  0.24089E+02  0.38457E+02
  599  0.27380E+04  0.24462E+02  0.38198E+02
  600  0.27270E+04  0.24836E+02  0.37897E+02
  601  0.27161E+04  0.25212E+02  0.37556E+02
  602  0.27052E+04  0.25588E+02  0.37174E+02
  603  0.26942E+04  0.25965E+02  0.36751E+02
  604  0.26833E+04  0.26342E+02  0.36288E+02
  605  0.26724E+04  0.26721E+02  0.35785E+02
  606  0.26615E+04  0.27099E+02  0.35241E+02
  607  0.26506E+04  0.27478E+02  0.34659E+02
  608  0.26397E+04  0.27856E+02  0.34036E+02
  609  0.26289E+04  0.28234E+02  0.33374E+02
  610  0.26182E+04  0.28613E+02  0.32673E+02
  611  0.26075E+04  0.28990E+02  0.31933E+02
  612  0.25968E+04  0.29367E+02  0.31154E+02
  613  0.25863E+04  0.29743E+02  0.30336E+02
  614  0.25758E+04  0.30119E+02  0.29480E+02
  615  0.25653E+04  0.30493E+02  0.28586E+02
  616  0.25550E+04  0.30866E+02  0.27653E+02
  617  0.25447E+04  0.31238E+02  0.26683E+02
  618  0.25345E+04  0.31608E+02  0.25675E+02
  619  0.25244E+04  0.31976E+02  0.24630E+02
  620  0.25144E+04  0.32342E+02  0.23548E+02
  621  0.25046E+04  0.32707E+02  0.22428E+02
  622  0.24948E+04  0.33068E+02  0.21271E+02
  623  0.24852E+04  0.33428E+02  0.20078E+02
  624  0.24756E+04  0.33785E+02  0.18849E+02
  625  0.24663E+04  0.34140E+02  0.17583E+02
  626  0.24571E+04  0.34492E+02  0.16281E+02
  627  0.24480E+04  0.34841E+02  0.14942E+02
  628  0.24391E+04  0.35187E+02  0.13569E+02
  629  0.24303E+04  0.35529E+02  0.12160E+02
  630  0.24217E+04  0.35869E+02  0.10715E+02
  631  0.24132E+04  0.36204E+02  0.92355E+01
  632  0.24049E+04  0.36535E+02  0.77210E+01
  633  0.23968E+04  0.36863E+02  0.61723E+01
  634  0.23889E+04  0.37187E+02  0.45903E+01
  635  0.23812E+04  0.37507E+02  0.29759E+01
  636  0.23736E+04  0.37822E+02  0.13300E+01
  637  0.23663E+04  0.38134E+02 -0.34648E+00
  638  0.23591E+04  0.38440E+02 -0.20527E+01
  639  0.23521E+04  0.38743E+02 -0.37876E+01
  640  0.23453E+04  0.39041E+02 -0.55503E+01
  641  0.23388E+04  0.39334E+02 -0.73401E+01
  642  0.23324E+04  0.39623E+02 -0.91555E+01
  643  0.23262E+04  0.39906E+02 -0.10997E+02
  644  0.23201E+04  0.40186E+02 -0.12862E+02
  645  0.23144E+04  0.40459E+02 -0.14750E+02
  646  0.23088E+04  0.40728E+02 -0.16662E+02
  647  0.23035E+04  0.40991E+02 -0.18594E+02
  648  0.22983E+04  0.41249E+02 -0.20547E+02
  649  0.22934E+04  0.41502E+02 -0.22520E+02
  650  0.22887E+04  0.41749E+02 -0.24512E+02
  651  0.22842E+04  0.41991E+02 -0.26521E+02
  652  0.22799E+04  0.42226E+02 -0.28548E+02
  653  0.22758E+04  0.42457E+02 -0.30590E+02
  654  0.22720E+04  0.42681E+02 -0.32648E+02
  655  0.22684E+04  0.42899E+02 -0.34720E+02
  656  0.22650E+04  0.43111E+02 -0.36805E+02
  657  0.22619E+04  0.43316E+02 -0.38903E+02
  658  0.22590E+04  0.43516E+02 -0.41012E+02
  659  0.22564E+04  0.43709E+02 -0.43132E+02
  660  0.22540E+04  0.43896E+02 -0.45262E+02
  661  0.22518E+04  0.44076E+02 -0.47401E+02
  662  0.22498E+04  0.44250E+02 -0.49548E+02
  663  0.22482E+04  0.44417E+02 -0.51701E+02
  664  0.22467E+04  0.44577E+02 -0.53861E+02
  665  0.22455E+04  0.44729E+02 -0.56026E+02
  666  0.22446E+04  0.44875E+02 -0.58194E+02
  667  0.22440E+04  0.45013E+02 -0.60367E+02
  668  0.22435E+04  0.45145E+02 -0.62543E+02
  669  0.22434E+04  0.45269E+02 -0.64719E+02
  670  0.22436E+04  0.45386E+02 -0.66897E+02
  671  0.22439E+04  0.45495E+02 -0.69074E+02
  672  0.22446E+04  0.45597E+02 -0.71250E+02
  673  0.22455E+04  0.45690E+02 -0.73423E+02
  674  0.22467E+04  0.45776E+02 -0.75594E+02
  675  0.22482E+04  0.45854E+02 -0.77762E+02
  676  0.22499E+04  0.45924E+02 -0.79924E+02
  677  0.22520E+04  0.45986E+02 -0.82081E+02
  678  0.22543E+04  0.46039E+02 -0.84233E+02
  679  0.22569E+04  0.46085E+02 -0.86377E+02
  680  0.22597E+04  0.46122E+02 -0.88511E+02
  681  0.22629E+04  0.46152E+02 -0.90634E+02
  682  0.22662E+04  0.46174E+02 -0.92748E+02
  683  0.22699E+04  0.46188E+02 -0.94851E+02
  684  0.22738E+04  0.46194E+02 -0.96944E+02
  685  0.22779E+04  0.46193E+02 -0.99028E+02
  686  0.22823E+04  0.46183E+02 -0.10109E+03
  687  0.22870E+04  0.46166E+02 -0.10315E+03
  688  0.22919E+04  0.46141E+02 -0.10519E+03
  689  0.22969E+04  0.46110E+02 -0.10721E+03
  690  0.23023E+04  0.46070E+02 -0.10922E+03
  691  0.23079E+04  0.46024E+02 -0.11121E+03
  692  0.23137E+04  0.45970E+02 -0.11317E+03
  693  0.23198E+04  0.45908E+02 -0.11513E+03
  694  0.23260E+04  0.45839E+02 -0.11706E+03
  695  0.23324E+04  0.45763E+02 -0.11897E+03
  696  0.23391E+04  0.45680E+02 -0.12085E+03
  697  0.23460E+04  0.45590E+02 -0.12272E+03
  698  0.23530E+04  0.45492E+02 -0.12456E+03
  699  0.23603E+04  0.45388E+02 -0.12638E+03
  700  0.23678E+04  0.45277E+02 -0.12818E+03
  701  0.23755E+04  0.45159E+02 -0.12994E+03
  702  0.23832E+04  0.45035E+02 -0.13168E+03
  703  0.23913E+04  0.44903E+02 -0.13340E+03
  704  0.23995E+04  0.44765E+02 -0.13508E+03
  705  0.24078E+04  0.44620E+02 -0.13673E+03
  706  0.24164E+04  0.44468E+02 -0.13836E+03
  707  0.24250E+04  0.44310E+02 -0.13995E+03
  708  0.24339E+04  0.44146E+02 -0.14151E+03
  709  0.24430E+04  0.43975E+02 -0.14304E+03
  710  0.24522E+04  0.43797E+02 -0.14453E+03
  711  0.24615E+04  0.43614E+02 -0.14599E+03
  712  0.24710E+04  0.43424E+02 -0.14742E+03
  713  0.24805E+04  0.43228E+02 -0.14881E+03
  714  0.24903E+04  0.43026E+02 -0.15017E+03
  715  0.25002E+04  0.42817E+02 -0.15148E+03
  716  0.25102E+04  0.42604E+02 -0.15275E+03
  717  0.25204E+04  0.42383E+02 -0.15399E+03
  718  0.25306E+04  0.42156E+02 -0.15519E+03
  719  0.25411E+04  0.41924E+02 -0.15634E+03
  720  0.25515E+04  0.41686E+02 -0.15746E+03
  721  0.25621E+04  0.41443E+02 -0.15853E+03
  722  0.25729E+04  0.41193E+02 -0.15956E+03
  723  0.25837E+04  0.40938E+02 -0.16054E+03
  724  0.25947E+04  0.40677E+02 -0.16147E+03
  725  0.26057E+04  0.40411E+02 -0.16237E+03
  726  0.26167E+04  0.40141E+02 -0.16322E+03
  727  0.26279E+04  0.39864E+02 -0.16402E+03
  728  0.26392E+04  0.39584E+02 -0.16479E+03
  729  0.26505E+04  0.39299E+02 -0.16550E+03
  730  0.26619E+04  0.39009E+02 -0.16617E+03
  731  0.26733E+04  0.38715E+02 -0.16680E+03
  732  0.26848E+04  0.38416E+02 -0.16738E+03
  733  0.26964E+04  0.38115E+02 -0.16792E+03
  734  0.27079E+04  0.37808E+02 -0.16841E+03
  735  0.27195E+04  0.37499E+02 -0.16886E+03
  736  0.27312E+04  0.37185E+02 -0.16926E+03
  737  0.27429E+04  0.36869E+02 -0.16962E+03
  738  0.27545E+04  0.36549E+02 -0.16993E+03
  739  0.27662E+04  0.36226E+02 -0.17019E+03
  740  0.27779E+04  0.35901E+02 -0.17041E+03
  741  0.27896E+04  0.35574E+02 -0.17059E+03
  742  0.28013E+04  0.35243E+02 -0.17072E+03
  743  0.28129E+04  0.34910E+02 -0.17080E+03
  744  0.28246E+04  0.34575E+02 -0.17084E+03
  745  0.28362E+04  0.34238E+02 -0.17083E+03
  746  0.28479E+04  0.33899E+02 -0.17078E+03
  747  0.28594E+04  0.33558E+02 -0.17068E+03
  748  0.28709E+04  0.33216E+02 -0.17053E+03
  749  0.28824E+04  0.32873E+02 -0.17034E+03
  750  0.28938E+04  0.32528E+02 -0.17010E+03
  751  0.29052E+04  0.32182E+02 -0.16981E+03
  752  0.29165E+04  0.31836E+02 -0.16949E+03
  753  0.29277E+04  0.31488E+02 -0.16911E+03
  754  0.29389E+04  0.31140E+02 -0.16868E+03
  755  0.29500E+04  0.30792E+02 -0.16821E+03
  756  0.29609E+04  0.30444E+02 -0.16769E+03
  757  0.29718E+04  0.30095E+02 -0.16712E+03
  758  0.29826E+04  0.29746E+02 -0.16651E+03
  759  0.29933E+04  0.29398E+02 -0.16585E+03
  760  0.30038E+04  0.29051E+02 -0.16515E+03
  761  0.30144E+04  0.28703E+02 -0.16439E+03
  762  0.30247E+04  0.28358E+02 -0.16359E+03
  763  0.30349E+04  0.28012E+02 -0.16274E+03
  764  0.30450E+04  0.27668E+02 -0.16184E+03
  765  0.30549E+04  0.27324E+02 -0.16091E+03
  766  0.30647E+04  0.26983E+02 -0.15991E+03
  767  0.30744E+04  0.26643E+02 -0.15887E+03
  768  0.30839E+04  0.26305E+02 -0.15779E+03
  769  0.30932E+04  0.25968E+02 -0.15666E+03
  770  0.31024E+04  0.25634E+02 -0.15548E+03
  771  0.31114E+04  0.25301E+02 -0.15426E+03
  772  0.31202E+04  0.24971E+02 -0.15298E+03
  773  0.31289E+04  0.24643E+02 -0.15167E+03
  774  0.31374E+04  0.24318E+02 -0.15032E+03
  775  0.31457E+04  0.23996E+02 -0.14892E+03
  776  0.31538E+04  0.23676E+02 -0.14749E+03
  777  0.31618E+04  0.23359E+02 -0.14601E+03
  778  0.31695E+04  0.23046E+02 -0.14449E+03
  779  0.31772E+04  0.22735E+02 -0.14294E+03
  780  0.31846E+04  0.22428E+02 -0.14134E+03
  781  0.31918E+04  0.22125E+02 -0.13971E+03
  782  0.31988E+04  0.21825E+02 -0.13804E+03
  783  0.32057E+04  0.21529E+02 -0.13633E+03
  784  0.32122E+04  0.21236E+02 -0.13460E+03
  785  0.32187E+04  0.20948E+02 -0.13282E+03
  786  0.32249E+04  0.20664E+02 -0.13101E+03
  787  0.32309E+04  0.20385E+02 -0.12917E+03
  788  0.32367E+04  0.20110E+02 -0.12730E+03
  789  0.32423E+04  0.19839E+02 -0.12540E+03
  790  0.32477E+04  0.19573E+02 -0.12345E+03
  791  0.32528E+04  0.19312E+02 -0.12149E+03
  792  0.32577E+04  0.19056E+02 -0.11950E+03
  793  0.32624E+04  0.18805E+02 -0.11747E+03
  794  0.32669E+04  0.18559E+02 -0.11542E+03
  795  0.32711E+04  0.18318E+02 -0.11335E+03
  796  0.32751E+04  0.18084E+02 -0.11124E+03
  797  0.32788E+04  0.17855E+02 -0.10911E+03
  798  0.32824E+04  0.17631E+02 -0.10696E+03
  799  0.32857E+04  0.17414E+02 -0.10479E+03
  800  0.32887E+04  0.17202E+02 -0.10259E+03
  801  0.32915E+04  0.16997E+02 -0.10036E+03
  802  0.32940E+04  0.16799E+02 -0.98121E+02
  803  0.32963E+04  0.16606E+02 -0.95856E+02
  804  0.32983E+04  0.16420E+02 -0.93573E+02
  805  0.33001E+04  0.16242E+02 -0.91270E+02
  806  0.33016E+04  0.16070E+02 -0.88951E+02
  807  0.33028E+04  0.15905E+02 -0.86612E+02
  808  0.33037E+04  0.15747E+02 -0.84252E+02
  809  0.33044E+04  0.15596E+02 -0.81882E+02
  810  0.33049E+04  0.15453E+02 -0.79490E+02
  811  0.33051E+04  0.15318E+02 -0.77087E+02
  812  0.33049E+04  0.15190E+02 -0.74670E+02
  813  0.33045E+04  0.15070E+02 -0.72241E+02
  814  0.33038E+04  0.14958E+02 -0.69799E+02
  815  0.33028E+04  0.14853E+02 -0.67346E+02
  816  0.33015E+04  0.14757E+02 -0.64883E+02
  817  0.33000E+04  0.14667E+02 -0.62410E+02
  818  0.32983E+04  0.14586E+02 -0.59930E+02
  819  0.32962E+04  0.14512E+02 -0.57442E+02
  820  0.32938E+04  0.14447E+02 -0.54947E+02
  821  0.32912E+04  0.14389E+02 -0.52447E+02
  822  0.32884E+04  0.14338E+02 -0.49942E+02
  823  0.32852E+04  0.14296E+02 -0.47435E+02
  824  0.32818E+04  0.14261E+02 -0.44924E+02
  825  0.32782E+04  0.14234E+02 -0.42411E+02
  826  0.32742E+04  0.14214E+02 -0.39899E+02
  827  0.32700E+04  0.14202E+02 -0.37386E+02
  828  0.32655E+04  0.14198E+02 -0.34874E+02
  829  0.32608E+04  0.14202E+02 -0.32365E+02
  830  0.32559E+04  0.14213E+02 -0.29859E+02
  831  0.32507E+04  0.14232E+02 -0.27357E+02
  832  0.32452E+04  0.14258E+02 -0.24860E+02
  833  0.32395E+04  0.14292E+02 -0.22368E+02
  834  0.32336E+04  0.14334E+02 -0.19884E+02
  835  0.32273E+04  0.14384E+02 -0.17408E+02
  836  0.32209E+04  0.14441E+02 -0.14940E+02
  837  0.32141E+04  0.14506E+02 -0.12483E+02
  838  0.32072E+04  0.14578E+02 -0.10036E+02
  839  0.32000E+04  0.14657E+02 -0.75999E+01
  840  0.31926E+04  0.14745E+02 -0.51774E+01
  841  0.31849E+04  0.14840E+02 -0.27681E+01
  842  0.31770E+04  0.14943E+02 -0.37344E+00
  843  0.31689E+04  0.15053E+02  0.20058E+01
  844  0.31605E+04  0.15171E+02  0.43686E+01
  845  0.31518E+04  0.15297E+02  0.67140E+01
  846  0.31430E+04  0.15429E+02  0.90410E+01
  847  0.31340E+04  0.15570E+02  0.11349E+02
  848  0.31247E+04  0.15717E+02  0.13636E+02
  849  0.31152E+04  0.15874E+02  0.15903E+02
  850  0.31054E+04  0.16037E+02  0.18147E+02
  851  0.30954E+04  0.16206E+02  0.20368E+02
  852  0.30852E+04  0.16385E+02  0.22566E+02
  853  0.30748E+04  0.16570E+02  0.24737E+02
  854  0.30641E+04  0.16763E+02  0.26884E+02
  855  0.30533E+04  0.16964E+02  0.29003E+02
  856  0.30422E+04  0.17172E+02  0.31094E+02
  857  0.30309E+04  0.17388E+02  0.33157E+02
  858  0.30195E+04  0.17611E+02  0.35191E+02
  859  0.30078E+04  0.17841E+02  0.37193E+02
  860  0.29959E+04  0.18078E+02  0.39166E+02
  861  0.29837E+04  0.18323E+02  0.41108E+02
  862  0.29714E+04  0.18574E+02  0.43019E+02
  863  0.29589E+04  0.18832E+02  0.44899E+02
  864  0.29463E+04  0.19096E+02  0.46745E+02
  865  0.29334E+04  0.19368E+02  0.48560E+02
  866  0.29203E+04  0.19644E+02  0.50342E+02
  867  0.29072E+04  0.19928E+02  0.52091E+02
  868  0.28938E+04  0.20217E+02  0.53807E+02
  869  0.28802E+04  0.20512E+02  0.55488E+02
  870  0.28665E+04  0.20813E+02  0.57135E+02
  871  0.28526E+04  0.21120E+02  0.58747E+02
  872  0.28387E+04  0.21431E+02  0.60324E+02
  873  0.28245E+04  0.21748E+02  0.61866E+02
  874  0.28102E+04  0.22070E+02  0.63370E+02
  875  0.27958E+04  0.22397E+02  0.64840E+02
  876  0.27812E+04  0.22729E+02  0.66272E+02
  877  0.27666E+04  0.23066E+02  0.67667E+02
  878  0.27518E+04  0.23407E+02  0.69024E+02
  879  0.27368E+04  0.23753E+02  0.70344E+02
  880  0.27217E+04  0.24103E+02  0.71625E+02
  881  0.27066E+04  0.24457E+02  0.72867E+02
  882  0.26913E+04  0.24815E+02  0.74070E+02
  883  0.26759E+04  0.25176E+02  0.75234E+02
  884  0.26605E+04  0.25541E+02  0.76357E+02
  885  0.26449E+04  0.25911E+02  0.77441E+02
  886  0.26292E+04  0.26283E+02  0.78483E+02
  887  0.26135E+04  0.26658E+02  0.79484E+02
  888  0.25977E+04  0.27037E+02  0.80443E+02
  889  0.25818E+04  0.27418E+02  0.81362E+02
  890  0.25659E+04  0.27803E+02  0.82232E+02
  891  0.25499E+04  0.28190E+02  0.83068E+02
  892  0.25338E+04  0.28579E+02  0.83854E+02
  893  0.25176E+04  0.28971E+02  0.84601E+02
  894  0.25014E+04  0.29366E+02  0.85305E+02
  895  0.24852E+04  0.29762E+02  0.85961E+02
  896  0.24689E+04  0.30160E+02  0.86573E+02
  897  0.24525E+04  0.30559E+02  0.87141E+02
  898  0.24362E+04  0.30961E+02  0.87660E+02
  899  0.24198E+04  0.31364E+02  0.88138E+02
  900  0.24034E+04  0.31768E+02  0.88567E+02
  901  0.23869E+04  0.32174E+02  0.88954E+02
  902  0.23705E+04  0.32581E+02  0.89282E+02
  903  0.23540E+04  0.32988E+02  0.89573E+02
  904  0.23375E+04  0.33397E+02  0.89814E+02
  905  0.23210E+04  0.33806E+02  0.90009E+02
  906  0.23045E+04  0.34215E+02  0.90158E+02
  907  0.22881E+04  0.34625E+02  0.90258E+02
  908  0.22716E+04  0.35034E+02  0.90311E+02
  909  0.22551E+04  0.35444E+02  0.90322E+02
  910  0.22387E+04  0.35853E+02  0.90293E+02
  911  0.22223E+04  0.36262E+02  0.90215E+02
  912  0.22059E+04  0.36671E+02  0.90093E+02
  913  0.21895E+04  0.37079E+02  0.89929E+02
  914  0.21732E+04  0.37485E+02  0.89722E+02
  915  0.21569E+04  0.37892E+02  0.89468E+02
  916  0.21406E+04  0.38296E+02  0.89181E+02
  917  0.21245E+04  0.38700E+02  0.88844E+02
  918  0.21083E+04  0.39102E+02  0.88465E+02
  919  0.20922E+04  0.39502E+02  0.88047E+02
  920  0.20762E+04  0.39901E+02  0.87588E+02
  921  0.20602E+04  0.40297E+02  0.87088E+02
  922  0.20444E+04  0.40691E+02  0.86552E+02
  923  0.20286E+04  0.41083E+02  0.85979E+02
  924  0.20128E+04  0.41472E+02  0.85356E+02
  925  0.19972E+04  0.41858E+02  0.84704E+02
  926  0.19816E+04  0.42243E+02  0.84005E+02
  927  0.19662E+04  0.42624E+02  0.83272E+02
  928  0.19508E+04  0.43001E+02  0.82500E+02
  929  0.19355E+04  0.43376E+02  0.81695E+02
  930  0.19204E+04  0.43746E+02  0.80851E+02
  931  0.19053E+04  0.44114E+02  0.79970E+02
  932  0.18904E+04  0.44478E+02  0.79053E+02
  933  0.18756E+04  0.44837E+02  0.78101E+02
  934  0.18609E+04  0.45193E+02  0.77113E+02
  935  0.18463E+04  0.45544E+02  0.76091E+02
  936  0.18320E+04  0.45891E+02  0.75034E+02
  937  0.18176E+04  0.46234E+02  0.73943E+02
  938  0.18035E+04  0.46571E+02  0.72818E+02
  939  0.17895E+04  0.46903E+02  0.71660E+02
  940  0.17756E+04  0.47231E+02  0.70469E+02
  941  0.17619E+04  0.47553E+02  0.69246E+02
  942  0.17484E+04  0.47870E+02  0.67990E+02
  943  0.17351E+04  0.48181E+02  0.66703E+02
  944  0.17219E+04  0.48487E+02  0.65384E+02
  945  0.17088E+04  0.48786E+02  0.64035E+02
  946  0.16960E+04  0.49080E+02  0.62655E+02
  947  0.16833E+04  0.49367E+02  0.61244E+02
  948  0.16708E+04  0.49648E+02  0.59805E+02
  949  0.16585E+04  0.49923E+02  0.58336E+02
  950  0.16464E+04  0.50191E+02  0.56839E+02
  951  0.16345E+04  0.50452E+02  0.55315E+02
  952  0.16228E+04  0.50708E+02  0.53765E+02
  953  0.16113E+04  0.50956E+02  0.52188E+02
  954  0.15999E+04  0.51198E+02  0.50588E+02
  955  0.15887E+04  0.51432E+02  0.48964E+02
  956  0.15777E+04  0.51661E+02  0.47315E+02
  957  0.15670E+04  0.51882E+02  0.45645E+02
  958  0.15564E+04  0.52097E+02  0.43954E+02
  959  0.15460E+04  0.52305E+02  0.42242E+02
  960  0.15358E+04  0.52505E+02  0.40510E+02
  961  0.15258E+04  0.52699E+02  0.38760E+02
  962  0.15160E+04  0.52886E+02  0.36991E+02
  963  0.15063E+04  0.53065E+02  0.35205E+02
  964  0.14969E+04  0.53238E+02  0.33402E+02
  965  0.14877E+04  0.53403E+02  0.31584E+02
  966  0.14787E+04  0.53561E+02  0.29751E+02
  967  0.14699E+04  0.53711E+02  0.27904E+02
  968  0.14612E+04  0.53855E+02  0.26043E+02
  969  0.14528E+04  0.53990E+02  0.24171E+02
  970  0.14445E+04  0.54118E+02  0.22287E+02
  971  0.14365E+04  0.54240E+02  0.20392E+02
  972  0.14286E+04  0.54353E+02  0.18487E+02
  973  0.14211E+04  0.54458E+02  0.16573E+02
  974  0.14136E+04  0.54557E+02  0.14651E+02
  975  0.14064E+04  0.54646E+02  0.12722E+02
  976  0.13994E+04  0.54729E+02  0.10786E+02
  977  0.13925E+04  0.54804E+02  0.88439E+01
  978  0.13859E+04  0.54870E+02  0.68973E+01
  979  0.13795E+04  0.54930E+02  0.49466E+01
  980  0.13733E+04  0.54980E+02  0.29926E+01
  981  0.13673E+04  0.55024E+02  0.10362E+01
  982  0.13615E+04  0.55059E+02 -0.92184E+00
  983  0.13559E+04  0.55085E+02 -0.28806E+01
  984  0.13505E+04  0.55104E+02 -0.48394E+01
  985  0.13453E+04  0.55115E+02 -0.67973E+01
  986  0.13404E+04  0.55117E+02 -0.87535E+01
  987  0.13357E+04  0.55111E+02 -0.10707E+02
  988  0.13311E+04  0.55097E+02 -0.12657E+02
  989  0.13267E+04  0.55074E+02 -0.14603E+02
  990  0.13227E+04  0.55043E+02 -0.16545E+02
  991  0.13188E+04  0.55003E+02 -0.18480E+02
  992  0.13150E+04  0.54954E+02 -0.20409E+02
  993  0.13116E+04  0.54898E+02 -0.22330E+02
  994  0.13083E+04  0.54832E+02 -0.24243E+02
  995  0.13052E+04  0.54759E+02 -0.26147E+02
  996  0.13023E+04  0.54677E+02 -0.28043E+02
  997  0.12997E+04  0.54586E+02 -0.29928E+02
  998  0.12972E+04  0.54488E+02 -0.31803E+02
  999  0.12950E+04  0.54382E+02 -0.33667E+02
 1000  0.12929E+04  0.54268E+02 -0.35520E+02
 1001  0.12910E+04  0.54145E+02 -0.37360E+02
 1002  0.12893E+04  0.54015E+02 -0.39188E+02
 1003  0.12879E+04  0.53878E+02 -0.41002E+02
 1004  0.12866E+04  0.53733E+02 -0.42802E+02
 1005  0.12854E+04  0.53580E+02 -0.44588E+02
 1006  0.12844E+04  0.53421E+02 -0.46359E+02
 1007  0.12837E+04  0.53254E+02 -0.48113E+02
 1008  0.12831E+04  0.53080E+02 -0.49852E+02
 1009  0.12827E+04  0.52899E+02 -0.51574E+02
 1010  0.12824E+04  0.52710E+02 -0.53279E+02
 1011  0.12823E+04  0.52516E+02 -0.54965E+02
 1012  0.12824E+04  0.52314E+02 -0.56633E+02
 1013  0.12826E+04  0.52106E+02 -0.58281E+02
 1014  0.12830E+04  0.51891E+02 -0.59909E+02
 1015  0.12835E+04  0.51669E+02 -0.61518E+02
 1016  0.12842E+04  0.51442E+02 -0.63105E+02
 1017  0.12851E+04  0.51208E+02 -0.64671E+02
 1018  0.12861E+04  0.50968E+02 -0.66215E+02
 1019  0.12872E+04  0.50722E+02 -0.67735E+02
 1020  0.12885E+04  0.50470E+02 -0.69233E+02
 1021  0.12899E+04  0.50212E+02 -0.70707E+02
 1022  0.12915E+04  0.49949E+02 -0.72156E+02
 1023  0.12932E+04  0.49679E+02 -0.73580E+02
 1024  0.12950E+04  0.49404E+02 -0.74978E+02
 1025  0.12970E+04  0.49124E+02 -0.76351E+02
 1026  0.12991E+04  0.48838E+02 -0.77696E+02
 1027  0.13012E+04  0.48546E+02 -0.79014E+02
 1028  0.13036E+04  0.48250E+02 -0.80303E+02
 1029  0.13060E+04  0.47949E+02 -0.81565E+02
 1030  0.13086E+04  0.47643E+02 -0.82797E+02
 1031  0.13113E+04  0.47331E+02 -0.83999E+02
 1032  0.13140E+04  0.47015E+02 -0.85170E+02
 1033  0.13170E+04  0.46694E+02 -0.86311E+02
 1034  0.13199E+04  0.46369E+02 -0.87422E+02
 1035  0.13231E+04  0.46039E+02 -0.88496E+02
 1036  0.13263E+04  0.45705E+02 -0.89544E+02
 1037  0.13296E+04  0.45366E+02 -0.90557E+02
 1038  0.13330E+04  0.45024E+02 -0.91529E+02
 1039  0.13365E+04  0.44677E+02 -0.92478E+02
 1040  0.13400E+04  0.44326E+02 -0.93381E+02
 1041  0.13437E+04  0.43971E+02 -0.94261E+02
 1042  0.13475E+04  0.43613E+02 -0.95102E+02
 1043  0.13513E+04  0.43252E+02 -0.95915E+02
 1044  0.13552E+04  0.42888E+02 -0.96690E+02
 1045  0.13592E+04  0.42520E+02 -0.97432E+02
 1046  0.13632E+04  0.42149E+02 -0.98137E+02
 1047  0.13674E+04  0.41776E+02 -0.98809E+02
 1048  0.13715E+04  0.41399E+02 -0.99452E+02
 1049  0.13757E+04  0.41021E+02 -0.10006E+03
 1050  0.13800E+04  0.40640E+02 -0.10063E+03
 1051  0.13844E+04  0.40257E+02 -0.10118E+03
 1052  0.13887E+04  0.39872E+02 -0.10169E+03
 1053  0.13932E+04  0.39485E+02 -0.10216E+03
 1054  0.13976E+04  0.39097E+02 -0.10260E+03
 1055  0.14021E+04  0.38707E+02 -0.10302E+03
 1056  0.14067E+04  0.38316E+02 -0.10339E+03
 1057  0.14112E+04  0.37924E+02 -0.10373E+03
 1058  0.14158E+04  0.37530E+02 -0.10405E+03
 1059  0.14204E+04  0.37136E+02 -0.10432E+03
 1060  0.14250E+04  0.36741E+02 -0.10457E+03
 1061  0.14296E+04  0.36346E+02 -0.10478E+03
 1062  0.14343E+04  0.35950E+02 -0.10496E+03
 1063  0.14390E+04  0.35554E+02 -0.10511E+03
 1064  0.14437E+04  0.35157E+02 -0.10522E+03
 1065  0.14483E+04  0.34762E+02 -0.10530E+03
 1066  0.14531E+04  0.34367E+02 -0.10536E+03
 1067  0.14577E+04  0.33971E+02 -0.10538E+03
 1068  0.14624E+04  0.33576E+02 -0.10536E+03
 1069  0.14670E+04  0.33182E+02 -0.10532E+03
 1070  0.14717E+04  0.32790E+02 -0.10524E+03
 1071  0.14763E+04  0.32398E+02 -0.10513E+03
 1072  0.14809E+04  0.32007E+02 -0.10499E+03
 1073  0.14855E+04  0.31618E+02 -0.10482E+03
 1074  0.14900E+04  0.31231E+02 -0.10461E+03
 1075  0.14946E+04  0.30845E+02 -0.10437E+03
 1076  0.14990E+04  0.30461E+02 -0.10410E+03
 1077  0.15035E+04  0.30079E+02 -0.10380E+03
 1078  0.15079E+04  0.29699E+02 -0.10346E+03
 1079  0.15122E+04  0.29322E+02 -0.10310E+03
 1080  0.15165E+04  0.28947E+02 -0.10271E+03
 1081  0.15208E+04  0.28575E+02 -0.10228E+03
 1082  0.15250E+04  0.28206E+02 -0.10182E+03
 1083  0.15291E+04  0.27839E+02 -0.10133E+03
 1084  0.15332E+04  0.27476E+02 -0.10081E+03
 1085  0.15372E+04  0.27116E+02 -0.10025E+03
 1086  0.15412E+04  0.26759E+02 -0.99677E+02
 1087  0.15450E+04  0.26406E+02 -0.99069E+02
 1088  0.15488E+04  0.26057E+02 -0.98431E+02
 1089  0.15526E+04  0.25710E+02 -0.97761E+02
 1090  0.15563E+04  0.25368E+02 -0.97069E+02
 1091  0.15599E+04  0.25030E+02 -0.96350E+02
 1092  0.15634E+04  0.24694E+02 -0.95599E+02
 1093  0.15668E+04  0.24364E+02 -0.94828E+02
 1094  0.15703E+04  0.24037E+02 -0.94027E+02
 1095  0.15735E+04  0.23714E+02 -0.93205E+02
 1096  0.15767E+04  0.23396E+02 -0.92358E+02
 1097  0.15798E+04  0.23082E+02 -0.91490E+02
 1098  0.15829E+04  0.22772E+02 -0.90594E+02
 1099  0.15859E+04  0.22467E+02 -0.89678E+02
 1100  0.15887E+04  0.22168E+02 -0.88746E+02
 1101  0.15915E+04  0.21872E+02 -0.87788E+02
 1102  0.15943E+04  0.21581E+02 -0.86808E+02
 1103  0.15968E+04  0.21296E+02 -0.85808E+02
 1104  0.15993E+04  0.21015E+02 -0.84788E+02
 1105  0.16018E+04  0.20739E+02 -0.83751E+02
 1106  0.16041E+04  0.20469E+02 -0.82696E+02
 1107  0.16063E+04  0.20203E+02 -0.81621E+02
 1108  0.16084E+04  0.19944E+02 -0.80533E+02
 1109  0.16105E+04  0.19689E+02 -0.79426E+02
 1110  0.16124E+04  0.19441E+02 -0.78303E+02
 1111  0.16142E+04  0.19198E+02 -0.77164E+02
 1112  0.16159E+04  0.18961E+02 -0.76011E+02
 1113  0.16174E+04  0.18729E+02 -0.74843E+02
 1114  0.16190E+04  0.18504E+02 -0.73661E+02
 1115  0.16204E+04  0.18285E+02 -0.72467E+02
 1116  0.16216E+04  0.18072E+02 -0.71259E+02
 1117  0.16228E+04  0.17866E+02 -0.70040E+02
 1118  0.16238E+04  0.17665E+02 -0.68808E+02
 1119  0.16248E+04  0.17471E+02 -0.67567E+02
 1120  0.16255E+04  0.17284E+02 -0.66315E+02
 1121  0.16262E+04  0.17103E+02 -0.65053E+02
 1122  0.16267E+04  0.16929E+02 -0.63781E+02
 1123  0.16272E+04  0.16763E+02 -0.62502E+02
 1124  0.16275E+04  0.16602E+02 -0.61214E+02
 1125  0.16277E+04  0.16449E+02 -0.59919E+02
 1126  0.16277E+04  0.16303E+02 -0.58616E+02
 1127  0.16277E+04  0.16164E+02 -0.57307E+02
 1128  0.16274E+04  0.16032E+02 -0.55993E+02
 1129  0.16271E+04  0.15909E+02 -0.54673E+02
 1130  0.16266E+04  0.15792E+02 -0.53350E+02
 1131  0.16260E+04  0.15682E+02 -0.52021E+02
 1132  0.16253E+04  0.15580E+02 -0.50689E+02
 1133  0.16244E+04  0.15485E+02 -0.49355E+02
 1134  0.16234E+04  0.15396E+02 -0.48018E+02
 1135  0.16223E+04  0.15315E+02 -0.46679E+02
 1136  0.16211E+04  0.15241E+02 -0.45339E+02
 1137  0.16198E+04  0.15175E+02 -0.43999E+02
 1138  0.16182E+04  0.15115E+02 -0.42659E+02
 1139  0.16167E+04  0.15062E+02 -0.41319E+02
 1140  0.16149E+04  0.15015E+02 -0.39981E+02
 1141  0.16131E+04  0.14977E+02 -0.38643E+02
 1142  0.16112E+04  0.14944E+02 -0.37309E+02
 1143  0.16091E+04  0.14918E+02 -0.35978E+02
 1144  0.16069E+04  0.14899E+02 -0.34650E+02
 1145  0.16046E+04  0.14888E+02 -0.33326E+02
 1146  0.16021E+04  0.14882E+02 -0.32007E+02
 1147  0.15996E+04  0.14883E+02 -0.30693E+02
 1148  0.15970E+04  0.14891E+02 -0.29385E+02
 1149  0.15942E+04  0.14905E+02 -0.28083E+02
 1150  0.15914E+04  0.14927E+02 -0.26788E+02
 1151  0.15884E+04  0.14955E+02 -0.25501E+02
 1152  0.15853E+04  0.14988E+02 -0.24222E+02
 1153  0.15821E+04  0.15029E+02 -0.22952E+02
 1154  0.15788E+04  0.15076E+02 -0.21691E+02
 1155  0.15754E+04  0.15129E+02 -0.20440E+02
 1156  0.15719E+04  0.15188E+02 -0.19200E+02
 1157  0.15684E+04  0.15254E+02 -0.17970E+02
 1158  0.15646E+04  0.15326E+02 -0.16752E+02
 1159  0.15608E+04  0.15404E+02 -0.15546E+02
 1160  0.15569E+04  0.15489E+02 -0.14354E+02
 1161  0.15529E+04  0.15579E+02 -0.13175E+02
 1162  0.15488E+04  0.15676E+02 -0.12009E+02
 1163  0.15447E+04  0.15779E+02 -0.10858E+02
 1164  0.15403E+04  0.15887E+02 -0.97220E+01
 1165  0.15360E+04  0.16002E+02 -0.86025E+01
 1166  0.15315E+04  0.16123E+02 -0.74984E+01
 1167  0.15269E+04  0.16249E+02 -0.64116E+01
 1168  0.15222E+04  0.16383E+02 -0.53421E+01
 1169  0.15175E+04  0.16521E+02 -0.42907E+01
 1170  0.15126E+04  0.16665E+02 -0.32580E+01
 1171  0.15078E+04  0.16815E+02 -0.22444E+01
 1172  0.15027E+04  0.16970E+02 -0.12506E+01
 1173  0.14977E+04  0.17132E+02 -0.27713E+00
 1174  0.14924E+04  0.17298E+02  0.67569E+00
 1175  0.14872E+04  0.17471E+02  0.16077E+01
 1176  0.14818E+04  0.17649E+02  0.25188E+01
 1177  0.14764E+04  0.17832E+02  0.34088E+01
 1178  0.14709E+04  0.18020E+02  0.42775E+01
 1179  0.14653E+04  0.18213E+02  0.51248E+01
 1180  0.14597E+04  0.18411E+02  0.59506E+01
 1181  0.14540E+04  0.18614E+02  0.67547E+01
 1182  0.14483E+04  0.18821E+02  0.75370E+01
 1183  0.14424E+04  0.19033E+02  0.82971E+01
 1184  0.14365E+04  0.19248E+02  0.90357E+01
 1185  0.14306E+04  0.19468E+02  0.97512E+01
 1186  0.14246E+04  0.19693E+02  0.10445E+02
 1187  0.14185E+04  0.19921E+02  0.11116E+02
 1188  0.14125E+04  0.20153E+02  0.11764E+02
 1189  0.14063E+04  0.20388E+02  0.12389E+02
 1190  0.14001E+04  0.20627E+02  0.12991E+02
 1191  0.13938E+04  0.20870E+02  0.13570E+02
 1192  0.13876E+04  0.21116E+02  0.14126E+02
 1193  0.13813E+04  0.21364E+02  0.14658E+02
 1194  0.13750E+04  0.21617E+02  0.15167E+02
 1195  0.13685E+04  0.21872E+02  0.15652E+02
 1196  0.13622E+04  0.22129E+02  0.16112E+02
 1197  0.13557E+04  0.22390E+02  0.16549E+02
 1198  0.13492E+04  0.22652E+02  0.16962E+02
 1199  0.13427E+04  0.22917E+02  0.17351E+02
 1200  0.13362E+04  0.23185E+02  0.17714E+02
 1201  0.13297E+04  0.23454E+02  0.18053E+02
 1202  0.13231E+04  0.23726E+02  0.18368E+02
 1203  0.13165E+04  0.24000E+02  0.18657E+02
 1204  0.13100E+04  0.24275E+02  0.18921E+02
 1205  0.13034E+04  0.24552E+02  0.19160E+02
 1206  0.12968E+04  0.24830E+02  0.19374E+02
 1207  0.12902E+04  0.25109E+02  0.19562E+02
 1208  0.12836E+04  0.25390E+02  0.19724E+02
 1209  0.12770E+04  0.25672E+02  0.19861E+02
 1210  0.12704E+04  0.25955E+02  0.19971E+02
 1211  0.12638E+04  0.26240E+02  0.20056E+02
 1212  0.12572E+04  0.26524E+02  0.20113E+02
 1213  0.12506E+04  0.26809E+02  0.20145E+02
 1214  0.12441E+04  0.27095E+02  0.20150E+02
 1215  0.12375E+04  0.27381E+02  0.20128E+02
 1216  0.12310E+04  0.27667E+02  0.20080E+02
 1217  0.12244E+04  0.27953E+02  0.20004E+02
 1218  0.12180E+04  0.28239E+02  0.19901E+02
 1219  0.12115E+04  0.28525E+02  0.19771E+02
 1220  0.12051E+04  0.28811E+02  0.19615E+02
 1221  0.11986E+04  0.29096E+02  0.19432E+02
 1222  0.11923E+04  0.29381E+02  0.19223E+02
 1223  0.11859E+04  0.29665E+02  0.18989E+02
 1224  0.11796E+04  0.29948E+02  0.18728E+02
 1225  0.11733E+04  0.30231E+02  0.18443E+02
 1226  0.11670E+04  0.30512E+02  0.18134E+02
 1227  0.11608E+04  0.30793E+02  0.17800E+02
 1228  0.11546E+04  0.31072E+02  0.17442E+02
 1229  0.11485E+04  0.31350E+02  0.17060E+02
 1230  0.11424E+04  0.31627E+02  0.16655E+02
 1231  0.11363E+04  0.31901E+02  0.16227E+02
 1232  0.11303E+04  0.32175E+02  0.15776E+02
 1233  0.11244E+04  0.32446E+02  0.15303E+02
 1234  0.11185E+04  0.32716E+02  0.14809E+02
 1235  0.11126E+04  0.32984E+02  0.14292E+02
 1236  0.11068E+04  0.33249E+02  0.13754E+02
 1237  0.11010E+04  0.33513E+02  0.13196E+02
 1238  0.10953E+04  0.33774E+02  0.12616E+02
 1239  0.10897E+04  0.34033E+02  0.12018E+02
 1240  0.10841E+04  0.34289E+02  0.11398E+02
 1241  0.10786E+04  0.34542E+02  0.10759E+02
 1242  0.10732E+04  0.34793E+02  0.10101E+02
 1243  0.10677E+04  0.35040E+02  0.94234E+01
 1244  0.10624E+04  0.35285E+02  0.87273E+01
 1245  0.10571E+04  0.35526E+02  0.80135E+01
 1246  0.10519E+04  0.35764E+02  0.72818E+01
 1247  0.10468E+04  0.35999E+02  0.65324E+01
 1248  0.10417E+04  0.36231E+02  0.57658E+01
 1249  0.10368E+04  0.36459E+02  0.49824E+01
 1250  0.10319E+04  0.36683E+02  0.41825E+01
 1251  0.10271E+04  0.36903E+02  0.33663E+01
 1252  0.10223E+04  0.37120E+02  0.25343E+01
 1253  0.10177E+04  0.37332E+02  0.16869E+01
 1254  0.10131E+04  0.37540E+02  0.82424E+00
 1255  0.10086E+04  0.37744E+02 -0.53209E-01
 1256  0.10041E+04  0.37944E+02 -0.94518E+00
 1257  0.99984E+03  0.38139E+02 -0.18512E+01
 1258  0.99558E+03  0.38330E+02 -0.27711E+01
 1259  0.99149E+03  0.38515E+02 -0.37045E+01
 1260  0.98741E+03  0.38697E+02 -0.46510E+01
 1261  0.98345E+03  0.38872E+02 -0.56103E+01
 1262  0.97958E+03  0.39043E+02 -0.65819E+01
 1263  0.97581E+03  0.39209E+02 -0.75658E+01
 1264  0.97214E+03  0.39370E+02 -0.85612E+01
 1265  0.96857E+03  0.39524E+02 -0.95677E+01
 1266  0.96511E+03  0.39675E+02 -0.10586E+02
 1267  0.96174E+03  0.39820E+02 -0.11613E+02
 1268  0.95848E+03  0.39959E+02 -0.12650E+02
 1269  0.95530E+03  0.40093E+02 -0.13696E+02
 1270  0.95216E+03  0.40222E+02 -0.14751E+02
 1271  0.94920E+03  0.40345E+02 -0.15814E+02
 1272  0.94635E+03  0.40464E+02 -0.16885E+02
 1273  0.94352E+03  0.40576E+02 -0.17963E+02
 1274  0.94084E+03  0.40684E+02 -0.19047E+02
 1275  0.93820E+03  0.40786E+02 -0.20137E+02
 1276  0.93573E+03  0.40882E+02 -0.21233E+02
 1277  0.93329E+03  0.40973E+02 -0.22335E+02
 1278  0.93102E+03  0.41060E+02 -0.23440E+02
 1279  0.92876E+03  0.41140E+02 -0.24550E+02
 1280  0.92665E+03  0.41215E+02 -0.25663E+02
 1281  0.92466E+03  0.41284E+02 -0.26779E+02
 1282  0.92271E+03  0.41348E+02 -0.27899E+02
 1283  0.92086E+03  0.41406E+02 -0.29020E+02
 1284  0.91912E+03  0.41459E+02 -0.30142E+02
 1285  0.91748E+03  0.41506E+02 -0.31265E+02
 1286  0.91584E+03  0.41548E+02 -0.32389E+02
 1287  0.91441E+03  0.41584E+02 -0.33513E+02
 1288  0.91304E+03  0.41615E+02 -0.34636E+02
 1289  0.91174E+03  0.41640E+02 -0.35759E+02
 1290  0.91056E+03  0.41659E+02 -0.36880E+02
 1291  0.90947E+03  0.41673E+02 -0.37999E+02
 1292  0.90848E+03  0.41681E+02 -0.39115E+02
 1293  0.90755E+03  0.41684E+02 -0.40228E+02
 1294  0.90672E+03  0.41680E+02 -0.41338E+02
 1295  0.90599E+03  0.41672E+02 -0.42444E+02
 1296  0.90536E+03  0.41657E+02 -0.43545E+02
 1297  0.90484E+03  0.41637E+02 -0.44641E+02
 1298  0.90438E+03  0.41611E+02 -0.45731E+02
 1299  0.90400E+03  0.41580E+02 -0.46815E+02
 1300  0.90374E+03  0.41543E+02 -0.47893E+02
 1301  0.90351E+03  0.41499E+02 -0.48963E+02
 1302  0.90340E+03  0.41451E+02 -0.50027E+02
 1303  0.90338E+03  0.41396E+02 -0.51081E+02
 1304  0.90347E+03  0.41336E+02 -0.52127E+02
 1305  0.90366E+03  0.41269E+02 -0.53164E+02
 1306  0.90395E+03  0.41197E+02 -0.54191E+02
 1307  0.90432E+03  0.41119E+02 -0.55208E+02
 1308  0.90470E+03  0.41036E+02 -0.56215E+02
 1309  0.90525E+03  0.40946E+02 -0.57210E+02
 1310  0.90589E+03  0.40850E+02 -0.58194E+02
 1311  0.90659E+03  0.40749E+02 -0.59167E+02
 1312  0.90731E+03  0.40643E+02 -0.60127E+02
 1313  0.90821E+03  0.40531E+02 -0.61075E+02
 1314  0.90912E+03  0.40413E+02 -0.62011E+02
 1315  0.91013E+03  0.40290E+02 -0.62934E+02
 1316  0.91125E+03  0.40163E+02 -0.63845E+02
 1317  0.91243E+03  0.40029E+02 -0.64741E+02
 1318  0.91365E+03  0.39891E+02 -0.65625E+02
 1319  0.91498E+03  0.39747E+02 -0.66494E+02
 1320  0.91634E+03  0.39600E+02 -0.67350E+02
 1321  0.91777E+03  0.39446E+02 -0.68191E+02
 1322  0.91931E+03  0.39289E+02 -0.69017E+02
 1323  0.92086E+03  0.39127E+02 -0.69829E+02
 1324  0.92258E+03  0.38959E+02 -0.70625E+02
 1325  0.92422E+03  0.38789E+02 -0.71406E+02
 1326  0.92599E+03  0.38613E+02 -0.72172E+02
 1327  0.92781E+03  0.38432E+02 -0.72921E+02
 1328  0.92966E+03  0.38248E+02 -0.73654E+02
 1329  0.93164E+03  0.38060E+02 -0.74370E+02
 1330  0.93364E+03  0.37868E+02 -0.75070E+02
 1331  0.93564E+03  0.37671E+02 -0.75752E+02
 1332  0.93773E+03  0.37472E+02 -0.76418E+02
 1333  0.93991E+03  0.37267E+02 -0.77066E+02
 1334  0.94208E+03  0.37059E+02 -0.77695E+02
 1335  0.94429E+03  0.36848E+02 -0.78307E+02
 1336  0.94657E+03  0.36633E+02 -0.78901E+02
 1337  0.94883E+03  0.36415E+02 -0.79475E+02
 1338  0.95115E+03  0.36193E+02 -0.80031E+02
 1339  0.95359E+03  0.35969E+02 -0.80567E+02
 1340  0.95597E+03  0.35741E+02 -0.81084E+02
 1341  0.95841E+03  0.35509E+02 -0.81581E+02
 1342  0.96095E+03  0.35275E+02 -0.82059E+02
 1343  0.96340E+03  0.35038E+02 -0.82516E+02
 1344  0.96599E+03  0.34798E+02 -0.82949E+02
 1345  0.96858E+03  0.34555E+02 -0.83364E+02
 1346  0.97117E+03  0.34309E+02 -0.83759E+02
 1347  0.97381E+03  0.34061E+02 -0.84133E+02
 1348  0.97644E+03  0.33811E+02 -0.84482E+02
 1349  0.97907E+03  0.33558E+02 -0.84811E+02
 1350  0.98179E+03  0.33302E+02 -0.85120E+02
 1351  0.98451E+03  0.33045E+02 -0.85401E+02
 1352  0.98724E+03  0.32785E+02 -0.85668E+02
