 ### First line has dlss for this model and kcutflag
 ### Then normal l ClT ClE ClC output
     15098.439203477  -1
    2  0.68715E+00  0.28453E-10 -0.11072E-05
    3  0.22204E+01  0.30853E-09 -0.78439E-05
    4  0.41538E+01  0.15302E-08 -0.21793E-04
    5  0.65018E+01  0.54618E-08 -0.49432E-04
    6  0.93481E+01  0.15192E-07 -0.97872E-04
    7  0.12576E+02  0.36875E-07 -0.17904E-03
    8  0.16289E+02  0.78592E-07 -0.29178E-03
    9  0.20507E+02  0.15515E-06 -0.46736E-03
   10  0.25160E+02  0.28522E-06 -0.68581E-03
   11  0.30242E+02  0.48517E-06 -0.98916E-03
   12  0.35807E+02  0.82424E-06 -0.13913E-02
   13  0.41903E+02  0.13680E-05 -0.18969E-02
   14  0.48494E+02  0.21102E-05 -0.25269E-02
   15  0.55524E+02  0.30266E-05 -0.33061E-02
   16  0.62951E+02  0.41507E-05 -0.42580E-02
   17  0.70783E+02  0.57486E-05 -0.54013E-02
   18  0.79043E+02  0.81442E-05 -0.67534E-02
   19  0.87753E+02  0.11661E-04 -0.83316E-02
   20  0.96936E+02  0.16624E-04 -0.10153E-01
   21  0.10661E+03  0.23330E-04 -0.12240E-01
   22  0.11677E+03  0.31968E-04 -0.14630E-01
   23  0.12743E+03  0.42704E-04 -0.17365E-01
   24  0.13856E+03  0.55700E-04 -0.20487E-01
   25  0.15018E+03  0.71121E-04 -0.24038E-01
   26  0.16228E+03  0.89130E-04 -0.28060E-01
   27  0.17485E+03  0.10989E-03 -0.32595E-01
   28  0.18790E+03  0.13357E-03 -0.37685E-01
   29  0.20141E+03  0.16032E-03 -0.43373E-01
   30  0.21539E+03  0.19032E-03 -0.49700E-01
   31  0.22983E+03  0.22416E-03 -0.56706E-01
   32  0.24473E+03  0.26415E-03 -0.64426E-01
   33  0.26009E+03  0.31304E-03 -0.72890E-01
   34  0.27591E+03  0.37358E-03 -0.82130E-01
   35  0.29219E+03  0.44852E-03 -0.92178E-01
   36  0.30892E+03  0.54060E-03 -0.10307E+00
   37  0.32610E+03  0.65257E-03 -0.11483E+00
   38  0.34374E+03  0.78717E-03 -0.12749E+00
   39  0.36183E+03  0.94717E-03 -0.14108E+00
   40  0.38037E+03  0.11353E-02 -0.15565E+00
   41  0.39935E+03  0.13542E-02 -0.17123E+00
   42  0.41878E+03  0.16064E-02 -0.18798E+00
   43  0.43865E+03  0.18940E-02 -0.20605E+00
   44  0.45896E+03  0.22195E-02 -0.22561E+00
   45  0.47970E+03  0.25852E-02 -0.24683E+00
   46  0.50087E+03  0.29933E-02 -0.26986E+00
   47  0.52247E+03  0.34463E-02 -0.29488E+00
   48  0.54449E+03  0.39464E-02 -0.32205E+00
   49  0.56693E+03  0.44959E-02 -0.35152E+00
   50  0.58979E+03  0.50972E-02 -0.38347E+00
   51  0.61306E+03  0.57534E-02 -0.41806E+00
   52  0.63675E+03  0.64702E-02 -0.45544E+00
   53  0.66086E+03  0.72542E-02 -0.49578E+00
   54  0.68538E+03  0.81120E-02 -0.53923E+00
   55  0.71032E+03  0.90501E-02 -0.58594E+00
   56  0.73568E+03  0.10075E-01 -0.63608E+00
   57  0.76146E+03  0.11194E-01 -0.68980E+00
   58  0.78767E+03  0.12412E-01 -0.74725E+00
   59  0.81430E+03  0.13738E-01 -0.80860E+00
   60  0.84135E+03  0.15176E-01 -0.87400E+00
   61  0.86884E+03  0.16734E-01 -0.94363E+00
   62  0.89675E+03  0.18421E-01 -0.10177E+01
   63  0.92510E+03  0.20245E-01 -0.10966E+01
   64  0.95387E+03  0.22214E-01 -0.11805E+01
   65  0.98307E+03  0.24336E-01 -0.12698E+01
   66  0.10127E+04  0.26622E-01 -0.13646E+01
   67  0.10428E+04  0.29078E-01 -0.14653E+01
   68  0.10732E+04  0.31714E-01 -0.15721E+01
   69  0.11042E+04  0.34537E-01 -0.16854E+01
   70  0.11355E+04  0.37558E-01 -0.18053E+01
   71  0.11673E+04  0.40784E-01 -0.19323E+01
   72  0.11995E+04  0.44225E-01 -0.20665E+01
   73  0.12321E+04  0.47890E-01 -0.22084E+01
   74  0.12652E+04  0.51790E-01 -0.23582E+01
   75  0.12987E+04  0.55935E-01 -0.25164E+01
   76  0.13327E+04  0.60334E-01 -0.26831E+01
   77  0.13671E+04  0.64996E-01 -0.28588E+01
   78  0.14020E+04  0.69933E-01 -0.30438E+01
   79  0.14373E+04  0.75153E-01 -0.32384E+01
   80  0.14731E+04  0.80667E-01 -0.34429E+01
   81  0.15093E+04  0.86484E-01 -0.36577E+01
   82  0.15459E+04  0.92617E-01 -0.38831E+01
   83  0.15831E+04  0.99077E-01 -0.41197E+01
   84  0.16207E+04  0.10588E+00 -0.43679E+01
   85  0.16588E+04  0.11303E+00 -0.46280E+01
   86  0.16974E+04  0.12055E+00 -0.49004E+01
   87  0.17365E+04  0.12844E+00 -0.51857E+01
   88  0.17760E+04  0.13673E+00 -0.54843E+01
   89  0.18161E+04  0.14541E+00 -0.57965E+01
   90  0.18567E+04  0.15451E+00 -0.61228E+01
   91  0.18978E+04  0.16404E+00 -0.64635E+01
   92  0.19394E+04  0.17399E+00 -0.68191E+01
   93  0.19815E+04  0.18438E+00 -0.71896E+01
   94  0.20242E+04  0.19520E+00 -0.75753E+01
   95  0.20674E+04  0.20645E+00 -0.79766E+01
   96  0.21112E+04  0.21815E+00 -0.83935E+01
   97  0.21554E+04  0.23028E+00 -0.88264E+01
   98  0.22003E+04  0.24286E+00 -0.92755E+01
   99  0.22457E+04  0.25589E+00 -0.97410E+01
  100  0.22916E+04  0.26937E+00 -0.10223E+02
  101  0.23381E+04  0.28330E+00 -0.10722E+02
  102  0.23852E+04  0.29768E+00 -0.11239E+02
  103  0.24328E+04  0.31252E+00 -0.11772E+02
  104  0.24811E+04  0.32782E+00 -0.12324E+02
  105  0.25299E+04  0.34358E+00 -0.12893E+02
  106  0.25793E+04  0.35980E+00 -0.13480E+02
  107  0.26293E+04  0.37650E+00 -0.14086E+02
  108  0.26799E+04  0.39366E+00 -0.14710E+02
  109  0.27311E+04  0.41129E+00 -0.15353E+02
  110  0.27829E+04  0.42940E+00 -0.16015E+02
  111  0.28353E+04  0.44799E+00 -0.16697E+02
  112  0.28883E+04  0.46703E+00 -0.17397E+02
  113  0.29420E+04  0.48653E+00 -0.18116E+02
  114  0.29962E+04  0.50645E+00 -0.18854E+02
  115  0.30511E+04  0.52678E+00 -0.19609E+02
  116  0.31065E+04  0.54751E+00 -0.20383E+02
  117  0.31626E+04  0.56863E+00 -0.21174E+02
  118  0.32193E+04  0.59011E+00 -0.21983E+02
  119  0.32766E+04  0.61194E+00 -0.22808E+02
  120  0.33345E+04  0.63410E+00 -0.23650E+02
  121  0.33931E+04  0.65659E+00 -0.24509E+02
  122  0.34522E+04  0.67937E+00 -0.25383E+02
  123  0.35119E+04  0.70245E+00 -0.26274E+02
  124  0.35723E+04  0.72579E+00 -0.27180E+02
  125  0.36332E+04  0.74939E+00 -0.28101E+02
  126  0.36948E+04  0.77323E+00 -0.29037E+02
  127  0.37569E+04  0.79729E+00 -0.29988E+02
  128  0.38197E+04  0.82155E+00 -0.30953E+02
  129  0.38831E+04  0.84601E+00 -0.31932E+02
  130  0.39471E+04  0.87065E+00 -0.32925E+02
  131  0.40116E+04  0.89543E+00 -0.33931E+02
  132  0.40768E+04  0.92032E+00 -0.34949E+02
  133  0.41424E+04  0.94524E+00 -0.35976E+02
  134  0.42085E+04  0.97015E+00 -0.37010E+02
  135  0.42750E+04  0.99497E+00 -0.38050E+02
  136  0.43419E+04  0.10197E+01 -0.39092E+02
  137  0.44092E+04  0.10441E+01 -0.40136E+02
  138  0.44767E+04  0.10683E+01 -0.41179E+02
  139  0.45444E+04  0.10922E+01 -0.42218E+02
  140  0.46123E+04  0.11158E+01 -0.43253E+02
  141  0.46803E+04  0.11388E+01 -0.44280E+02
  142  0.47485E+04  0.11614E+01 -0.45298E+02
  143  0.48166E+04  0.11834E+01 -0.46305E+02
  144  0.48848E+04  0.12048E+01 -0.47298E+02
  145  0.49529E+04  0.12255E+01 -0.48276E+02
  146  0.50210E+04  0.12455E+01 -0.49236E+02
  147  0.50888E+04  0.12647E+01 -0.50177E+02
  148  0.51565E+04  0.12830E+01 -0.51096E+02
  149  0.52240E+04  0.13003E+01 -0.51991E+02
  150  0.52912E+04  0.13167E+01 -0.52860E+02
  151  0.53580E+04  0.13321E+01 -0.53702E+02
  152  0.54245E+04  0.13464E+01 -0.54516E+02
  153  0.54906E+04  0.13598E+01 -0.55301E+02
  154  0.55564E+04  0.13721E+01 -0.56057E+02
  155  0.56218E+04  0.13835E+01 -0.56784E+02
  156  0.56869E+04  0.13940E+01 -0.57482E+02
  157  0.57515E+04  0.14035E+01 -0.58150E+02
  158  0.58157E+04  0.14121E+01 -0.58787E+02
  159  0.58795E+04  0.14198E+01 -0.59395E+02
  160  0.59429E+04  0.14266E+01 -0.59971E+02
  161  0.60058E+04  0.14326E+01 -0.60517E+02
  162  0.60683E+04  0.14378E+01 -0.61031E+02
  163  0.61303E+04  0.14421E+01 -0.61514E+02
  164  0.61918E+04  0.14457E+01 -0.61965E+02
  165  0.62529E+04  0.14485E+01 -0.62383E+02
  166  0.63134E+04  0.14505E+01 -0.62769E+02
  167  0.63735E+04  0.14518E+01 -0.63122E+02
  168  0.64330E+04  0.14523E+01 -0.63442E+02
  169  0.64920E+04  0.14522E+01 -0.63728E+02
  170  0.65505E+04  0.14514E+01 -0.63980E+02
  171  0.66084E+04  0.14499E+01 -0.64199E+02
  172  0.66658E+04  0.14478E+01 -0.64382E+02
  173  0.67226E+04  0.14450E+01 -0.64531E+02
  174  0.67788E+04  0.14417E+01 -0.64645E+02
  175  0.68344E+04  0.14377E+01 -0.64723E+02
  176  0.68894E+04  0.14332E+01 -0.64766E+02
  177  0.69437E+04  0.14282E+01 -0.64773E+02
  178  0.69975E+04  0.14226E+01 -0.64743E+02
  179  0.70506E+04  0.14165E+01 -0.64677E+02
  180  0.71031E+04  0.14099E+01 -0.64573E+02
  181  0.71549E+04  0.14029E+01 -0.64433E+02
  182  0.72060E+04  0.13954E+01 -0.64255E+02
  183  0.72565E+04  0.13874E+01 -0.64038E+02
  184  0.73062E+04  0.13791E+01 -0.63784E+02
  185  0.73553E+04  0.13703E+01 -0.63491E+02
  186  0.74036E+04  0.13612E+01 -0.63159E+02
  187  0.74512E+04  0.13517E+01 -0.62788E+02
  188  0.74981E+04  0.13419E+01 -0.62378E+02
  189  0.75443E+04  0.13318E+01 -0.61928E+02
  190  0.75896E+04  0.13214E+01 -0.61437E+02
  191  0.76342E+04  0.13106E+01 -0.60907E+02
  192  0.76780E+04  0.12997E+01 -0.60335E+02
  193  0.77211E+04  0.12884E+01 -0.59722E+02
  194  0.77633E+04  0.12770E+01 -0.59068E+02
  195  0.78047E+04  0.12654E+01 -0.58373E+02
  196  0.78453E+04  0.12535E+01 -0.57635E+02
  197  0.78850E+04  0.12415E+01 -0.56855E+02
  198  0.79240E+04  0.12294E+01 -0.56033E+02
  199  0.79620E+04  0.12171E+01 -0.55167E+02
  200  0.79992E+04  0.12047E+01 -0.54259E+02
  201  0.80355E+04  0.11922E+01 -0.53306E+02
  202  0.80709E+04  0.11797E+01 -0.52311E+02
  203  0.81054E+04  0.11672E+01 -0.51274E+02
  204  0.81391E+04  0.11548E+01 -0.50195E+02
  205  0.81719E+04  0.11424E+01 -0.49076E+02
  206  0.82039E+04  0.11301E+01 -0.47916E+02
  207  0.82349E+04  0.11181E+01 -0.46716E+02
  208  0.82651E+04  0.11063E+01 -0.45478E+02
  209  0.82944E+04  0.10948E+01 -0.44201E+02
  210  0.83229E+04  0.10835E+01 -0.42887E+02
  211  0.83505E+04  0.10727E+01 -0.41535E+02
  212  0.83773E+04  0.10623E+01 -0.40148E+02
  213  0.84032E+04  0.10523E+01 -0.38725E+02
  214  0.84282E+04  0.10428E+01 -0.37267E+02
  215  0.84524E+04  0.10339E+01 -0.35774E+02
  216  0.84757E+04  0.10256E+01 -0.34249E+02
  217  0.84982E+04  0.10180E+01 -0.32690E+02
  218  0.85198E+04  0.10110E+01 -0.31099E+02
  219  0.85406E+04  0.10048E+01 -0.29476E+02
  220  0.85606E+04  0.99932E+00 -0.27822E+02
  221  0.85797E+04  0.99470E+00 -0.26138E+02
  222  0.85979E+04  0.99096E+00 -0.24425E+02
  223  0.86154E+04  0.98813E+00 -0.22682E+02
  224  0.86320E+04  0.98628E+00 -0.20911E+02
  225  0.86477E+04  0.98544E+00 -0.19113E+02
  226  0.86626E+04  0.98566E+00 -0.17288E+02
  227  0.86767E+04  0.98698E+00 -0.15436E+02
  228  0.86900E+04  0.98946E+00 -0.13559E+02
  229  0.87024E+04  0.99313E+00 -0.11656E+02
  230  0.87140E+04  0.99805E+00 -0.97297E+01
  231  0.87248E+04  0.10043E+01 -0.77795E+01
  232  0.87348E+04  0.10118E+01 -0.58062E+01
  233  0.87440E+04  0.10207E+01 -0.38107E+01
  234  0.87523E+04  0.10311E+01 -0.17935E+01
  235  0.87598E+04  0.10429E+01  0.24470E+00
  236  0.87665E+04  0.10562E+01  0.23032E+01
  237  0.87724E+04  0.10712E+01  0.43814E+01
  238  0.87775E+04  0.10877E+01  0.64786E+01
  239  0.87818E+04  0.11059E+01  0.85941E+01
  240  0.87852E+04  0.11257E+01  0.10727E+02
  241  0.87879E+04  0.11474E+01  0.12877E+02
  242  0.87898E+04  0.11708E+01  0.15044E+02
  243  0.87908E+04  0.11961E+01  0.17226E+02
  244  0.87911E+04  0.12232E+01  0.19423E+02
  245  0.87906E+04  0.12523E+01  0.21635E+02
  246  0.87892E+04  0.12834E+01  0.23860E+02
  247  0.87871E+04  0.13165E+01  0.26098E+02
  248  0.87842E+04  0.13516E+01  0.28349E+02
  249  0.87805E+04  0.13889E+01  0.30611E+02
  250  0.87760E+04  0.14284E+01  0.32885E+02
  251  0.87707E+04  0.14700E+01  0.35169E+02
  252  0.87647E+04  0.15139E+01  0.37462E+02
  253  0.87579E+04  0.15600E+01  0.39764E+02
  254  0.87503E+04  0.16083E+01  0.42074E+02
  255  0.87419E+04  0.16590E+01  0.44390E+02
  256  0.87328E+04  0.17118E+01  0.46714E+02
  257  0.87229E+04  0.17670E+01  0.49042E+02
  258  0.87123E+04  0.18245E+01  0.51375E+02
  259  0.87010E+04  0.18843E+01  0.53712E+02
  260  0.86889E+04  0.19464E+01  0.56052E+02
  261  0.86760E+04  0.20108E+01  0.58394E+02
  262  0.86625E+04  0.20776E+01  0.60738E+02
  263  0.86482E+04  0.21468E+01  0.63082E+02
  264  0.86332E+04  0.22183E+01  0.65425E+02
  265  0.86175E+04  0.22923E+01  0.67768E+02
  266  0.86011E+04  0.23686E+01  0.70108E+02
  267  0.85840E+04  0.24473E+01  0.72445E+02
  268  0.85662E+04  0.25285E+01  0.74779E+02
  269  0.85477E+04  0.26121E+01  0.77109E+02
  270  0.85285E+04  0.26982E+01  0.79433E+02
  271  0.85087E+04  0.27867E+01  0.81751E+02
  272  0.84881E+04  0.28777E+01  0.84062E+02
  273  0.84669E+04  0.29712E+01  0.86366E+02
  274  0.84451E+04  0.30672E+01  0.88661E+02
  275  0.84225E+04  0.31657E+01  0.90946E+02
  276  0.83994E+04  0.32667E+01  0.93221E+02
  277  0.83755E+04  0.33703E+01  0.95485E+02
  278  0.83511E+04  0.34765E+01  0.97738E+02
  279  0.83260E+04  0.35852E+01  0.99977E+02
  280  0.83003E+04  0.36965E+01  0.10220E+03
  281  0.82739E+04  0.38104E+01  0.10442E+03
  282  0.82469E+04  0.39269E+01  0.10661E+03
  283  0.82193E+04  0.40460E+01  0.10879E+03
  284  0.81911E+04  0.41677E+01  0.11096E+03
  285  0.81623E+04  0.42921E+01  0.11310E+03
  286  0.81329E+04  0.44191E+01  0.11523E+03
  287  0.81029E+04  0.45489E+01  0.11734E+03
  288  0.80723E+04  0.46813E+01  0.11943E+03
  289  0.80411E+04  0.48164E+01  0.12149E+03
  290  0.80094E+04  0.49542E+01  0.12354E+03
  291  0.79771E+04  0.50947E+01  0.12556E+03
  292  0.79442E+04  0.52380E+01  0.12756E+03
  293  0.79107E+04  0.53840E+01  0.12954E+03
  294  0.78767E+04  0.55327E+01  0.13149E+03
  295  0.78421E+04  0.56843E+01  0.13341E+03
  296  0.78070E+04  0.58386E+01  0.13531E+03
  297  0.77714E+04  0.59957E+01  0.13718E+03
  298  0.77352E+04  0.61557E+01  0.13902E+03
  299  0.76985E+04  0.63184E+01  0.14084E+03
  300  0.76612E+04  0.64840E+01  0.14262E+03
  301  0.76235E+04  0.66525E+01  0.14437E+03
  302  0.75852E+04  0.68237E+01  0.14609E+03
  303  0.75464E+04  0.69977E+01  0.14778E+03
  304  0.75072E+04  0.71743E+01  0.14944E+03
  305  0.74675E+04  0.73537E+01  0.15106E+03
  306  0.74273E+04  0.75356E+01  0.15265E+03
  307  0.73867E+04  0.77200E+01  0.15421E+03
  308  0.73456E+04  0.79069E+01  0.15574E+03
  309  0.73042E+04  0.80963E+01  0.15723E+03
  310  0.72623E+04  0.82880E+01  0.15869E+03
  311  0.72200E+04  0.84821E+01  0.16011E+03
  312  0.71774E+04  0.86785E+01  0.16149E+03
  313  0.71344E+04  0.88770E+01  0.16284E+03
  314  0.70910E+04  0.90778E+01  0.16416E+03
  315  0.70473E+04  0.92806E+01  0.16544E+03
  316  0.70033E+04  0.94856E+01  0.16668E+03
  317  0.69590E+04  0.96925E+01  0.16788E+03
  318  0.69143E+04  0.99014E+01  0.16905E+03
  319  0.68694E+04  0.10112E+02  0.17018E+03
  320  0.68242E+04  0.10325E+02  0.17127E+03
  321  0.67787E+04  0.10539E+02  0.17232E+03
  322  0.67330E+04  0.10756E+02  0.17333E+03
  323  0.66870E+04  0.10974E+02  0.17430E+03
  324  0.66409E+04  0.11193E+02  0.17523E+03
  325  0.65945E+04  0.11414E+02  0.17612E+03
  326  0.65479E+04  0.11637E+02  0.17697E+03
  327  0.65011E+04  0.11861E+02  0.17778E+03
  328  0.64541E+04  0.12087E+02  0.17855E+03
  329  0.64070E+04  0.12314E+02  0.17927E+03
  330  0.63598E+04  0.12543E+02  0.17995E+03
  331  0.63124E+04  0.12772E+02  0.18059E+03
  332  0.62648E+04  0.13003E+02  0.18119E+03
  333  0.62172E+04  0.13236E+02  0.18174E+03
  334  0.61695E+04  0.13469E+02  0.18225E+03
  335  0.61217E+04  0.13703E+02  0.18271E+03
  336  0.60738E+04  0.13938E+02  0.18313E+03
  337  0.60258E+04  0.14175E+02  0.18350E+03
  338  0.59778E+04  0.14412E+02  0.18383E+03
  339  0.59298E+04  0.14650E+02  0.18411E+03
  340  0.58818E+04  0.14889E+02  0.18435E+03
  341  0.58337E+04  0.15129E+02  0.18453E+03
  342  0.57857E+04  0.15369E+02  0.18467E+03
  343  0.57377E+04  0.15610E+02  0.18477E+03
  344  0.56897E+04  0.15852E+02  0.18481E+03
  345  0.56417E+04  0.16094E+02  0.18480E+03
  346  0.55938E+04  0.16337E+02  0.18475E+03
  347  0.55460E+04  0.16580E+02  0.18465E+03
  348  0.54983E+04  0.16824E+02  0.18449E+03
  349  0.54506E+04  0.17068E+02  0.18429E+03
  350  0.54031E+04  0.17312E+02  0.18404E+03
  351  0.53557E+04  0.17557E+02  0.18373E+03
  352  0.53084E+04  0.17802E+02  0.18338E+03
  353  0.52613E+04  0.18046E+02  0.18297E+03
  354  0.52143E+04  0.18291E+02  0.18251E+03
  355  0.51674E+04  0.18536E+02  0.18201E+03
  356  0.51207E+04  0.18780E+02  0.18146E+03
  357  0.50742E+04  0.19025E+02  0.18085E+03
  358  0.50279E+04  0.19269E+02  0.18020E+03
  359  0.49818E+04  0.19512E+02  0.17951E+03
  360  0.49359E+04  0.19755E+02  0.17876E+03
  361  0.48901E+04  0.19998E+02  0.17797E+03
  362  0.48446E+04  0.20240E+02  0.17714E+03
  363  0.47994E+04  0.20481E+02  0.17626E+03
  364  0.47543E+04  0.20721E+02  0.17533E+03
  365  0.47095E+04  0.20961E+02  0.17436E+03
  366  0.46650E+04  0.21199E+02  0.17334E+03
  367  0.46207E+04  0.21437E+02  0.17229E+03
  368  0.45767E+04  0.21673E+02  0.17119E+03
  369  0.45329E+04  0.21908E+02  0.17004E+03
  370  0.44895E+04  0.22142E+02  0.16885E+03
  371  0.44463E+04  0.22375E+02  0.16763E+03
  372  0.44035E+04  0.22606E+02  0.16636E+03
  373  0.43609E+04  0.22835E+02  0.16505E+03
  374  0.43187E+04  0.23063E+02  0.16370E+03
  375  0.42768E+04  0.23290E+02  0.16231E+03
  376  0.42353E+04  0.23514E+02  0.16088E+03
  377  0.41941E+04  0.23737E+02  0.15941E+03
  378  0.41533E+04  0.23957E+02  0.15791E+03
  379  0.41128E+04  0.24176E+02  0.15636E+03
  380  0.40727E+04  0.24393E+02  0.15478E+03
  381  0.40330E+04  0.24607E+02  0.15316E+03
  382  0.39936E+04  0.24819E+02  0.15151E+03
  383  0.39547E+04  0.25029E+02  0.14982E+03
  384  0.39162E+04  0.25236E+02  0.14809E+03
  385  0.38781E+04  0.25441E+02  0.14633E+03
  386  0.38404E+04  0.25643E+02  0.14453E+03
  387  0.38032E+04  0.25843E+02  0.14270E+03
  388  0.37664E+04  0.26040E+02  0.14084E+03
  389  0.37301E+04  0.26234E+02  0.13894E+03
  390  0.36942E+04  0.26425E+02  0.13701E+03
  391  0.36588E+04  0.26613E+02  0.13505E+03
  392  0.36239E+04  0.26799E+02  0.13305E+03
  393  0.35894E+04  0.26981E+02  0.13103E+03
  394  0.35555E+04  0.27159E+02  0.12897E+03
  395  0.35220E+04  0.27335E+02  0.12689E+03
  396  0.34891E+04  0.27507E+02  0.12477E+03
  397  0.34567E+04  0.27676E+02  0.12262E+03
  398  0.34248E+04  0.27841E+02  0.12045E+03
  399  0.33935E+04  0.28002E+02  0.11825E+03
  400  0.33627E+04  0.28160E+02  0.11602E+03
  401  0.33325E+04  0.28314E+02  0.11376E+03
  402  0.33028E+04  0.28464E+02  0.11147E+03
  403  0.32737E+04  0.28610E+02  0.10916E+03
  404  0.32452E+04  0.28753E+02  0.10682E+03
  405  0.32172E+04  0.28891E+02  0.10447E+03
  406  0.31897E+04  0.29026E+02  0.10208E+03
  407  0.31629E+04  0.29157E+02  0.99679E+02
  408  0.31365E+04  0.29283E+02  0.97254E+02
  409  0.31107E+04  0.29406E+02  0.94808E+02
  410  0.30855E+04  0.29525E+02  0.92344E+02
  411  0.30608E+04  0.29639E+02  0.89861E+02
  412  0.30367E+04  0.29750E+02  0.87361E+02
  413  0.30132E+04  0.29857E+02  0.84845E+02
  414  0.29901E+04  0.29959E+02  0.82313E+02
  415  0.29677E+04  0.30057E+02  0.79766E+02
  416  0.29458E+04  0.30151E+02  0.77206E+02
  417  0.29244E+04  0.30241E+02  0.74634E+02
  418  0.29036E+04  0.30327E+02  0.72049E+02
  419  0.28833E+04  0.30409E+02  0.69454E+02
  420  0.28636E+04  0.30486E+02  0.66849E+02
  421  0.28444E+04  0.30559E+02  0.64235E+02
  422  0.28258E+04  0.30627E+02  0.61613E+02
  423  0.28077E+04  0.30692E+02  0.58984E+02
  424  0.27902E+04  0.30752E+02  0.56349E+02
  425  0.27732E+04  0.30807E+02  0.53709E+02
  426  0.27567E+04  0.30858E+02  0.51064E+02
  427  0.27408E+04  0.30905E+02  0.48416E+02
  428  0.27255E+04  0.30947E+02  0.45766E+02
  429  0.27107E+04  0.30985E+02  0.43114E+02
  430  0.26964E+04  0.31018E+02  0.40461E+02
  431  0.26827E+04  0.31047E+02  0.37809E+02
  432  0.26695E+04  0.31071E+02  0.35158E+02
  433  0.26569E+04  0.31090E+02  0.32510E+02
  434  0.26448E+04  0.31105E+02  0.29864E+02
  435  0.26332E+04  0.31115E+02  0.27223E+02
  436  0.26222E+04  0.31121E+02  0.24587E+02
  437  0.26117E+04  0.31122E+02  0.21956E+02
  438  0.26018E+04  0.31118E+02  0.19333E+02
  439  0.25924E+04  0.31109E+02  0.16717E+02
  440  0.25836E+04  0.31096E+02  0.14110E+02
  441  0.25752E+04  0.31078E+02  0.11513E+02
  442  0.25675E+04  0.31055E+02  0.89259E+01
  443  0.25602E+04  0.31027E+02  0.63508E+01
  444  0.25535E+04  0.30994E+02  0.37880E+01
  445  0.25473E+04  0.30957E+02  0.12387E+01
  446  0.25417E+04  0.30914E+02 -0.12963E+01
  447  0.25366E+04  0.30867E+02 -0.38161E+01
  448  0.25320E+04  0.30814E+02 -0.63196E+01
  449  0.25280E+04  0.30757E+02 -0.88061E+01
  450  0.25245E+04  0.30695E+02 -0.11275E+02
  451  0.25215E+04  0.30627E+02 -0.13724E+02
  452  0.25191E+04  0.30555E+02 -0.16154E+02
  453  0.25172E+04  0.30478E+02 -0.18564E+02
  454  0.25157E+04  0.30395E+02 -0.20953E+02
  455  0.25148E+04  0.30309E+02 -0.23321E+02
  456  0.25144E+04  0.30217E+02 -0.25668E+02
  457  0.25145E+04  0.30121E+02 -0.27992E+02
  458  0.25150E+04  0.30020E+02 -0.30293E+02
  459  0.25160E+04  0.29915E+02 -0.32571E+02
  460  0.25175E+04  0.29806E+02 -0.34824E+02
  461  0.25195E+04  0.29692E+02 -0.37054E+02
  462  0.25219E+04  0.29574E+02 -0.39258E+02
  463  0.25247E+04  0.29451E+02 -0.41436E+02
  464  0.25279E+04  0.29325E+02 -0.43588E+02
  465  0.25316E+04  0.29195E+02 -0.45714E+02
  466  0.25357E+04  0.29060E+02 -0.47812E+02
  467  0.25402E+04  0.28922E+02 -0.49882E+02
  468  0.25451E+04  0.28780E+02 -0.51924E+02
  469  0.25504E+04  0.28634E+02 -0.53937E+02
  470  0.25561E+04  0.28485E+02 -0.55920E+02
  471  0.25622E+04  0.28332E+02 -0.57873E+02
  472  0.25686E+04  0.28175E+02 -0.59795E+02
  473  0.25754E+04  0.28015E+02 -0.61687E+02
  474  0.25826E+04  0.27852E+02 -0.63546E+02
  475  0.25901E+04  0.27685E+02 -0.65373E+02
  476  0.25979E+04  0.27515E+02 -0.67167E+02
  477  0.26061E+04  0.27342E+02 -0.68928E+02
  478  0.26146E+04  0.27166E+02 -0.70655E+02
  479  0.26234E+04  0.26987E+02 -0.72347E+02
  480  0.26326E+04  0.26805E+02 -0.74004E+02
  481  0.26420E+04  0.26620E+02 -0.75625E+02
  482  0.26517E+04  0.26432E+02 -0.77210E+02
  483  0.26617E+04  0.26242E+02 -0.78758E+02
  484  0.26720E+04  0.26049E+02 -0.80269E+02
  485  0.26825E+04  0.25853E+02 -0.81742E+02
  486  0.26933E+04  0.25655E+02 -0.83177E+02
  487  0.27044E+04  0.25454E+02 -0.84572E+02
  488  0.27157E+04  0.25251E+02 -0.85928E+02
  489  0.27273E+04  0.25046E+02 -0.87244E+02
  490  0.27391E+04  0.24838E+02 -0.88519E+02
  491  0.27511E+04  0.24629E+02 -0.89753E+02
  492  0.27633E+04  0.24417E+02 -0.90944E+02
  493  0.27757E+04  0.24204E+02 -0.92094E+02
  494  0.27884E+04  0.23988E+02 -0.93201E+02
  495  0.28012E+04  0.23771E+02 -0.94264E+02
  496  0.28142E+04  0.23551E+02 -0.95283E+02
  497  0.28274E+04  0.23330E+02 -0.96257E+02
  498  0.28407E+04  0.23108E+02 -0.97186E+02
  499  0.28542E+04  0.22884E+02 -0.98070E+02
  500  0.28679E+04  0.22658E+02 -0.98907E+02
  501  0.28817E+04  0.22431E+02 -0.99698E+02
  502  0.28957E+04  0.22203E+02 -0.10044E+03
  503  0.29098E+04  0.21973E+02 -0.10114E+03
  504  0.29240E+04  0.21743E+02 -0.10179E+03
  505  0.29383E+04  0.21511E+02 -0.10240E+03
  506  0.29527E+04  0.21279E+02 -0.10296E+03
  507  0.29673E+04  0.21046E+02 -0.10347E+03
  508  0.29819E+04  0.20812E+02 -0.10395E+03
  509  0.29966E+04  0.20578E+02 -0.10437E+03
  510  0.30114E+04  0.20344E+02 -0.10476E+03
  511  0.30263E+04  0.20109E+02 -0.10509E+03
  512  0.30412E+04  0.19874E+02 -0.10539E+03
  513  0.30562E+04  0.19639E+02 -0.10564E+03
  514  0.30713E+04  0.19404E+02 -0.10585E+03
  515  0.30864E+04  0.19169E+02 -0.10602E+03
  516  0.31015E+04  0.18935E+02 -0.10614E+03
  517  0.31167E+04  0.18701E+02 -0.10623E+03
  518  0.31319E+04  0.18468E+02 -0.10627E+03
  519  0.31471E+04  0.18235E+02 -0.10627E+03
  520  0.31623E+04  0.18003E+02 -0.10623E+03
  521  0.31775E+04  0.17772E+02 -0.10614E+03
  522  0.31927E+04  0.17542E+02 -0.10602E+03
  523  0.32079E+04  0.17313E+02 -0.10586E+03
  524  0.32230E+04  0.17085E+02 -0.10566E+03
  525  0.32382E+04  0.16859E+02 -0.10542E+03
  526  0.32533E+04  0.16634E+02 -0.10513E+03
  527  0.32683E+04  0.16411E+02 -0.10481E+03
  528  0.32834E+04  0.16189E+02 -0.10446E+03
  529  0.32983E+04  0.15969E+02 -0.10406E+03
  530  0.33132E+04  0.15752E+02 -0.10362E+03
  531  0.33280E+04  0.15536E+02 -0.10315E+03
  532  0.33428E+04  0.15322E+02 -0.10264E+03
  533  0.33574E+04  0.15111E+02 -0.10210E+03
  534  0.33720E+04  0.14902E+02 -0.10151E+03
  535  0.33864E+04  0.14695E+02 -0.10089E+03
  536  0.34008E+04  0.14491E+02 -0.10024E+03
  537  0.34150E+04  0.14290E+02 -0.99544E+02
  538  0.34291E+04  0.14092E+02 -0.98817E+02
  539  0.34431E+04  0.13896E+02 -0.98054E+02
  540  0.34569E+04  0.13704E+02 -0.97257E+02
  541  0.34706E+04  0.13515E+02 -0.96424E+02
  542  0.34842E+04  0.13329E+02 -0.95558E+02
  543  0.34976E+04  0.13147E+02 -0.94657E+02
  544  0.35108E+04  0.12968E+02 -0.93723E+02
  545  0.35239E+04  0.12793E+02 -0.92756E+02
  546  0.35367E+04  0.12622E+02 -0.91755E+02
  547  0.35494E+04  0.12454E+02 -0.90722E+02
  548  0.35619E+04  0.12291E+02 -0.89656E+02
  549  0.35742E+04  0.12131E+02 -0.88558E+02
  550  0.35862E+04  0.11976E+02 -0.87428E+02
  551  0.35981E+04  0.11825E+02 -0.86266E+02
  552  0.36097E+04  0.11679E+02 -0.85074E+02
  553  0.36212E+04  0.11537E+02 -0.83852E+02
  554  0.36323E+04  0.11400E+02 -0.82602E+02
  555  0.36433E+04  0.11267E+02 -0.81323E+02
  556  0.36541E+04  0.11138E+02 -0.80016E+02
  557  0.36646E+04  0.11015E+02 -0.78684E+02
  558  0.36749E+04  0.10896E+02 -0.77325E+02
  559  0.36849E+04  0.10781E+02 -0.75942E+02
  560  0.36947E+04  0.10672E+02 -0.74536E+02
  561  0.37043E+04  0.10567E+02 -0.73106E+02
  562  0.37136E+04  0.10468E+02 -0.71654E+02
  563  0.37228E+04  0.10373E+02 -0.70181E+02
  564  0.37316E+04  0.10283E+02 -0.68687E+02
  565  0.37402E+04  0.10199E+02 -0.67174E+02
  566  0.37486E+04  0.10119E+02 -0.65642E+02
  567  0.37567E+04  0.10044E+02 -0.64092E+02
  568  0.37646E+04  0.99752E+01 -0.62525E+02
  569  0.37722E+04  0.99112E+01 -0.60942E+02
  570  0.37796E+04  0.98525E+01 -0.59343E+02
  571  0.37867E+04  0.97991E+01 -0.57731E+02
  572  0.37936E+04  0.97511E+01 -0.56104E+02
  573  0.38002E+04  0.97086E+01 -0.54465E+02
  574  0.38065E+04  0.96716E+01 -0.52814E+02
  575  0.38126E+04  0.96401E+01 -0.51152E+02
  576  0.38184E+04  0.96143E+01 -0.49480E+02
  577  0.38239E+04  0.95940E+01 -0.47798E+02
  578  0.38292E+04  0.95795E+01 -0.46108E+02
  579  0.38342E+04  0.95707E+01 -0.44411E+02
  580  0.38389E+04  0.95678E+01 -0.42706E+02
  581  0.38434E+04  0.95706E+01 -0.40996E+02
  582  0.38476E+04  0.95794E+01 -0.39281E+02
  583  0.38514E+04  0.95942E+01 -0.37561E+02
  584  0.38551E+04  0.96149E+01 -0.35838E+02
  585  0.38584E+04  0.96417E+01 -0.34113E+02
  586  0.38615E+04  0.96745E+01 -0.32386E+02
  587  0.38642E+04  0.97136E+01 -0.30658E+02
  588  0.38667E+04  0.97588E+01 -0.28930E+02
  589  0.38689E+04  0.98103E+01 -0.27204E+02
  590  0.38708E+04  0.98681E+01 -0.25479E+02
  591  0.38724E+04  0.99322E+01 -0.23756E+02
  592  0.38737E+04  0.10003E+02 -0.22038E+02
  593  0.38747E+04  0.10080E+02 -0.20323E+02
  594  0.38754E+04  0.10163E+02 -0.18614E+02
  595  0.38758E+04  0.10253E+02 -0.16911E+02
  596  0.38759E+04  0.10350E+02 -0.15215E+02
  597  0.38758E+04  0.10453E+02 -0.13526E+02
  598  0.38752E+04  0.10563E+02 -0.11846E+02
  599  0.38744E+04  0.10680E+02 -0.10176E+02
  600  0.38733E+04  0.10803E+02 -0.85161E+01
  601  0.38719E+04  0.10934E+02 -0.68673E+01
  602  0.38701E+04  0.11071E+02 -0.52304E+01
  603  0.38681E+04  0.11215E+02 -0.36059E+01
  604  0.38657E+04  0.11365E+02 -0.19945E+01
  605  0.38631E+04  0.11522E+02 -0.39689E+00
  606  0.38602E+04  0.11686E+02  0.11863E+01
  607  0.38569E+04  0.11856E+02  0.27544E+01
  608  0.38534E+04  0.12032E+02  0.43069E+01
  609  0.38497E+04  0.12215E+02  0.58430E+01
  610  0.38456E+04  0.12404E+02  0.73621E+01
  611  0.38413E+04  0.12599E+02  0.88636E+01
  612  0.38367E+04  0.12800E+02  0.10347E+02
  613  0.38319E+04  0.13007E+02  0.11811E+02
  614  0.38268E+04  0.13220E+02  0.13256E+02
  615  0.38214E+04  0.13438E+02  0.14680E+02
  616  0.38158E+04  0.13663E+02  0.16084E+02
  617  0.38100E+04  0.13893E+02  0.17466E+02
  618  0.38039E+04  0.14129E+02  0.18826E+02
  619  0.37976E+04  0.14370E+02  0.20164E+02
  620  0.37911E+04  0.14617E+02  0.21478E+02
  621  0.37844E+04  0.14870E+02  0.22768E+02
  622  0.37774E+04  0.15127E+02  0.24033E+02
  623  0.37702E+04  0.15390E+02  0.25273E+02
  624  0.37628E+04  0.15658E+02  0.26486E+02
  625  0.37552E+04  0.15931E+02  0.27674E+02
  626  0.37474E+04  0.16210E+02  0.28834E+02
  627  0.37394E+04  0.16493E+02  0.29966E+02
  628  0.37312E+04  0.16781E+02  0.31069E+02
  629  0.37228E+04  0.17074E+02  0.32143E+02
  630  0.37143E+04  0.17372E+02  0.33188E+02
  631  0.37056E+04  0.17674E+02  0.34202E+02
  632  0.36966E+04  0.17981E+02  0.35184E+02
  633  0.36876E+04  0.18293E+02  0.36136E+02
  634  0.36783E+04  0.18609E+02  0.37054E+02
  635  0.36689E+04  0.18929E+02  0.37940E+02
  636  0.36594E+04  0.19254E+02  0.38792E+02
  637  0.36496E+04  0.19583E+02  0.39609E+02
  638  0.36398E+04  0.19916E+02  0.40392E+02
  639  0.36298E+04  0.20254E+02  0.41139E+02
  640  0.36197E+04  0.20595E+02  0.41849E+02
  641  0.36094E+04  0.20941E+02  0.42523E+02
  642  0.35990E+04  0.21290E+02  0.43159E+02
  643  0.35885E+04  0.21643E+02  0.43757E+02
  644  0.35778E+04  0.22000E+02  0.44316E+02
  645  0.35671E+04  0.22360E+02  0.44836E+02
  646  0.35562E+04  0.22724E+02  0.45316E+02
  647  0.35452E+04  0.23092E+02  0.45754E+02
  648  0.35341E+04  0.23463E+02  0.46152E+02
  649  0.35229E+04  0.23838E+02  0.46507E+02
  650  0.35117E+04  0.24216E+02  0.46819E+02
  651  0.35003E+04  0.24597E+02  0.47089E+02
  652  0.34889E+04  0.24981E+02  0.47315E+02
  653  0.34774E+04  0.25368E+02  0.47498E+02
  654  0.34658E+04  0.25758E+02  0.47639E+02
  655  0.34541E+04  0.26151E+02  0.47736E+02
  656  0.34424E+04  0.26546E+02  0.47792E+02
  657  0.34306E+04  0.26943E+02  0.47805E+02
  658  0.34188E+04  0.27343E+02  0.47775E+02
  659  0.34069E+04  0.27745E+02  0.47704E+02
  660  0.33950E+04  0.28149E+02  0.47591E+02
  661  0.33830E+04  0.28555E+02  0.47437E+02
  662  0.33710E+04  0.28963E+02  0.47241E+02
  663  0.33590E+04  0.29372E+02  0.47004E+02
  664  0.33470E+04  0.29782E+02  0.46726E+02
  665  0.33349E+04  0.30194E+02  0.46406E+02
  666  0.33229E+04  0.30607E+02  0.46046E+02
  667  0.33108E+04  0.31021E+02  0.45646E+02
  668  0.32988E+04  0.31436E+02  0.45205E+02
  669  0.32867E+04  0.31851E+02  0.44724E+02
  670  0.32747E+04  0.32267E+02  0.44203E+02
  671  0.32627E+04  0.32684E+02  0.43642E+02
  672  0.32507E+04  0.33101E+02  0.43041E+02
  673  0.32387E+04  0.33518E+02  0.42401E+02
  674  0.32267E+04  0.33935E+02  0.41722E+02
  675  0.32148E+04  0.34351E+02  0.41003E+02
  676  0.32030E+04  0.34768E+02  0.40245E+02
  677  0.31912E+04  0.35184E+02  0.39449E+02
  678  0.31794E+04  0.35600E+02  0.38614E+02
  679  0.31677E+04  0.36015E+02  0.37740E+02
  680  0.31561E+04  0.36429E+02  0.36828E+02
  681  0.31445E+04  0.36842E+02  0.35878E+02
  682  0.31330E+04  0.37254E+02  0.34890E+02
  683  0.31216E+04  0.37665E+02  0.33864E+02
  684  0.31103E+04  0.38075E+02  0.32801E+02
  685  0.30990E+04  0.38483E+02  0.31700E+02
  686  0.30879E+04  0.38889E+02  0.30562E+02
  687  0.30768E+04  0.39293E+02  0.29387E+02
  688  0.30659E+04  0.39696E+02  0.28175E+02
  689  0.30551E+04  0.40096E+02  0.26926E+02
  690  0.30444E+04  0.40494E+02  0.25640E+02
  691  0.30338E+04  0.40890E+02  0.24319E+02
  692  0.30233E+04  0.41283E+02  0.22961E+02
  693  0.30130E+04  0.41674E+02  0.21567E+02
  694  0.30028E+04  0.42062E+02  0.20137E+02
  695  0.29928E+04  0.42447E+02  0.18671E+02
  696  0.29829E+04  0.42829E+02  0.17170E+02
  697  0.29732E+04  0.43207E+02  0.15634E+02
  698  0.29636E+04  0.43583E+02  0.14062E+02
  699  0.29542E+04  0.43955E+02  0.12455E+02
  700  0.29449E+04  0.44323E+02  0.10814E+02
  701  0.29358E+04  0.44687E+02  0.91379E+01
  702  0.29269E+04  0.45048E+02  0.74281E+01
  703  0.29182E+04  0.45404E+02  0.56853E+01
  704  0.29097E+04  0.45757E+02  0.39102E+01
  705  0.29013E+04  0.46105E+02  0.21038E+01
  706  0.28932E+04  0.46450E+02  0.26674E+00
  707  0.28852E+04  0.46789E+02 -0.16001E+01
  708  0.28774E+04  0.47125E+02 -0.34959E+01
  709  0.28698E+04  0.47456E+02 -0.54198E+01
  710  0.28624E+04  0.47783E+02 -0.73711E+01
  711  0.28552E+04  0.48105E+02 -0.93489E+01
  712  0.28482E+04  0.48422E+02 -0.11352E+02
  713  0.28414E+04  0.48734E+02 -0.13381E+02
  714  0.28347E+04  0.49042E+02 -0.15433E+02
  715  0.28283E+04  0.49344E+02 -0.17509E+02
  716  0.28221E+04  0.49642E+02 -0.19608E+02
  717  0.28161E+04  0.49934E+02 -0.21728E+02
  718  0.28104E+04  0.50221E+02 -0.23868E+02
  719  0.28048E+04  0.50502E+02 -0.26029E+02
  720  0.27994E+04  0.50779E+02 -0.28209E+02
  721  0.27943E+04  0.51049E+02 -0.30408E+02
  722  0.27894E+04  0.51315E+02 -0.32624E+02
  723  0.27847E+04  0.51574E+02 -0.34857E+02
  724  0.27802E+04  0.51828E+02 -0.37106E+02
  725  0.27759E+04  0.52076E+02 -0.39370E+02
  726  0.27719E+04  0.52318E+02 -0.41648E+02
  727  0.27681E+04  0.52554E+02 -0.43940E+02
  728  0.27646E+04  0.52783E+02 -0.46245E+02
  729  0.27612E+04  0.53007E+02 -0.48561E+02
  730  0.27581E+04  0.53224E+02 -0.50889E+02
  731  0.27553E+04  0.53435E+02 -0.53227E+02
  732  0.27527E+04  0.53640E+02 -0.55574E+02
  733  0.27503E+04  0.53838E+02 -0.57931E+02
  734  0.27481E+04  0.54029E+02 -0.60295E+02
  735  0.27463E+04  0.54214E+02 -0.62666E+02
  736  0.27446E+04  0.54392E+02 -0.65043E+02
  737  0.27432E+04  0.54563E+02 -0.67426E+02
  738  0.27421E+04  0.54726E+02 -0.69813E+02
  739  0.27412E+04  0.54883E+02 -0.72204E+02
  740  0.27406E+04  0.55033E+02 -0.74599E+02
  741  0.27402E+04  0.55176E+02 -0.76995E+02
  742  0.27401E+04  0.55311E+02 -0.79393E+02
  743  0.27403E+04  0.55439E+02 -0.81791E+02
  744  0.27407E+04  0.55559E+02 -0.84189E+02
  745  0.27414E+04  0.55672E+02 -0.86586E+02
  746  0.27423E+04  0.55777E+02 -0.88981E+02
  747  0.27436E+04  0.55874E+02 -0.91373E+02
  748  0.27451E+04  0.55963E+02 -0.93762E+02
  749  0.27468E+04  0.56045E+02 -0.96147E+02
  750  0.27489E+04  0.56119E+02 -0.98526E+02
  751  0.27512E+04  0.56184E+02 -0.10090E+03
  752  0.27538E+04  0.56241E+02 -0.10327E+03
  753  0.27567E+04  0.56291E+02 -0.10563E+03
  754  0.27598E+04  0.56332E+02 -0.10798E+03
  755  0.27633E+04  0.56366E+02 -0.11032E+03
  756  0.27669E+04  0.56391E+02 -0.11265E+03
  757  0.27709E+04  0.56409E+02 -0.11497E+03
  758  0.27751E+04  0.56419E+02 -0.11728E+03
  759  0.27795E+04  0.56422E+02 -0.11958E+03
  760  0.27842E+04  0.56417E+02 -0.12187E+03
  761  0.27891E+04  0.56404E+02 -0.12414E+03
  762  0.27943E+04  0.56383E+02 -0.12640E+03
  763  0.27997E+04  0.56355E+02 -0.12864E+03
  764  0.28053E+04  0.56320E+02 -0.13087E+03
  765  0.28112E+04  0.56277E+02 -0.13308E+03
  766  0.28173E+04  0.56227E+02 -0.13528E+03
  767  0.28236E+04  0.56170E+02 -0.13745E+03
  768  0.28302E+04  0.56105E+02 -0.13961E+03
  769  0.28370E+04  0.56033E+02 -0.14175E+03
  770  0.28439E+04  0.55954E+02 -0.14386E+03
  771  0.28511E+04  0.55867E+02 -0.14596E+03
  772  0.28585E+04  0.55774E+02 -0.14803E+03
  773  0.28661E+04  0.55674E+02 -0.15008E+03
  774  0.28739E+04  0.55566E+02 -0.15211E+03
  775  0.28819E+04  0.55452E+02 -0.15412E+03
  776  0.28901E+04  0.55331E+02 -0.15610E+03
  777  0.28985E+04  0.55203E+02 -0.15805E+03
  778  0.29070E+04  0.55068E+02 -0.15998E+03
  779  0.29157E+04  0.54927E+02 -0.16188E+03
  780  0.29247E+04  0.54778E+02 -0.16375E+03
  781  0.29338E+04  0.54624E+02 -0.16559E+03
  782  0.29430E+04  0.54462E+02 -0.16741E+03
  783  0.29525E+04  0.54294E+02 -0.16919E+03
  784  0.29620E+04  0.54120E+02 -0.17095E+03
  785  0.29718E+04  0.53939E+02 -0.17267E+03
  786  0.29817E+04  0.53752E+02 -0.17436E+03
  787  0.29918E+04  0.53558E+02 -0.17601E+03
  788  0.30020E+04  0.53358E+02 -0.17763E+03
  789  0.30124E+04  0.53152E+02 -0.17922E+03
  790  0.30229E+04  0.52940E+02 -0.18077E+03
  791  0.30335E+04  0.52721E+02 -0.18229E+03
  792  0.30443E+04  0.52497E+02 -0.18377E+03
  793  0.30552E+04  0.52266E+02 -0.18521E+03
  794  0.30663E+04  0.52030E+02 -0.18661E+03
  795  0.30775E+04  0.51787E+02 -0.18797E+03
  796  0.30887E+04  0.51538E+02 -0.18930E+03
  797  0.31002E+04  0.51284E+02 -0.19058E+03
  798  0.31117E+04  0.51024E+02 -0.19182E+03
  799  0.31233E+04  0.50758E+02 -0.19302E+03
  800  0.31351E+04  0.50487E+02 -0.19418E+03
  801  0.31470E+04  0.50209E+02 -0.19529E+03
  802  0.31589E+04  0.49927E+02 -0.19636E+03
  803  0.31710E+04  0.49638E+02 -0.19738E+03
  804  0.31831E+04  0.49345E+02 -0.19836E+03
  805  0.31953E+04  0.49047E+02 -0.19930E+03
  806  0.32076E+04  0.48743E+02 -0.20019E+03
  807  0.32200E+04  0.48435E+02 -0.20104E+03
  808  0.32325E+04  0.48123E+02 -0.20184E+03
  809  0.32450E+04  0.47805E+02 -0.20260E+03
  810  0.32575E+04  0.47484E+02 -0.20332E+03
  811  0.32702E+04  0.47158E+02 -0.20399E+03
  812  0.32828E+04  0.46828E+02 -0.20461E+03
  813  0.32956E+04  0.46495E+02 -0.20520E+03
  814  0.33083E+04  0.46157E+02 -0.20573E+03
  815  0.33211E+04  0.45816E+02 -0.20622E+03
  816  0.33339E+04  0.45471E+02 -0.20667E+03
  817  0.33468E+04  0.45124E+02 -0.20707E+03
  818  0.33596E+04  0.44772E+02 -0.20743E+03
  819  0.33725E+04  0.44418E+02 -0.20774E+03
  820  0.33854E+04  0.44061E+02 -0.20801E+03
  821  0.33982E+04  0.43702E+02 -0.20823E+03
  822  0.34111E+04  0.43340E+02 -0.20841E+03
  823  0.34240E+04  0.42975E+02 -0.20854E+03
  824  0.34368E+04  0.42608E+02 -0.20862E+03
  825  0.34497E+04  0.42239E+02 -0.20866E+03
  826  0.34625E+04  0.41868E+02 -0.20866E+03
  827  0.34753E+04  0.41495E+02 -0.20861E+03
  828  0.34880E+04  0.41120E+02 -0.20851E+03
  829  0.35007E+04  0.40744E+02 -0.20837E+03
  830  0.35134E+04  0.40366E+02 -0.20818E+03
  831  0.35260E+04  0.39987E+02 -0.20795E+03
  832  0.35386E+04  0.39607E+02 -0.20766E+03
  833  0.35511E+04  0.39226E+02 -0.20734E+03
  834  0.35635E+04  0.38844E+02 -0.20697E+03
  835  0.35759E+04  0.38461E+02 -0.20655E+03
  836  0.35882E+04  0.38078E+02 -0.20608E+03
  837  0.36004E+04  0.37695E+02 -0.20557E+03
  838  0.36125E+04  0.37311E+02 -0.20501E+03
  839  0.36245E+04  0.36927E+02 -0.20441E+03
  840  0.36365E+04  0.36543E+02 -0.20375E+03
  841  0.36483E+04  0.36159E+02 -0.20306E+03
  842  0.36600E+04  0.35776E+02 -0.20231E+03
  843  0.36716E+04  0.35393E+02 -0.20152E+03
  844  0.36832E+04  0.35011E+02 -0.20068E+03
  845  0.36945E+04  0.34630E+02 -0.19980E+03
  846  0.37058E+04  0.34249E+02 -0.19886E+03
  847  0.37169E+04  0.33870E+02 -0.19788E+03
  848  0.37279E+04  0.33491E+02 -0.19686E+03
  849  0.37387E+04  0.33115E+02 -0.19578E+03
  850  0.37494E+04  0.32739E+02 -0.19466E+03
  851  0.37600E+04  0.32366E+02 -0.19349E+03
  852  0.37704E+04  0.31994E+02 -0.19228E+03
  853  0.37806E+04  0.31624E+02 -0.19102E+03
  854  0.37907E+04  0.31256E+02 -0.18971E+03
  855  0.38006E+04  0.30890E+02 -0.18836E+03
  856  0.38103E+04  0.30526E+02 -0.18696E+03
  857  0.38199E+04  0.30165E+02 -0.18552E+03
  858  0.38293E+04  0.29806E+02 -0.18404E+03
  859  0.38385E+04  0.29450E+02 -0.18252E+03
  860  0.38476E+04  0.29097E+02 -0.18095E+03
  861  0.38564E+04  0.28746E+02 -0.17935E+03
  862  0.38651E+04  0.28399E+02 -0.17770E+03
  863  0.38736E+04  0.28054E+02 -0.17602E+03
  864  0.38820E+04  0.27713E+02 -0.17430E+03
  865  0.38901E+04  0.27375E+02 -0.17254E+03
  866  0.38981E+04  0.27041E+02 -0.17074E+03
  867  0.39058E+04  0.26710E+02 -0.16890E+03
  868  0.39134E+04  0.26383E+02 -0.16703E+03
  869  0.39207E+04  0.26060E+02 -0.16513E+03
  870  0.39279E+04  0.25741E+02 -0.16319E+03
  871  0.39349E+04  0.25426E+02 -0.16121E+03
  872  0.39416E+04  0.25115E+02 -0.15921E+03
  873  0.39481E+04  0.24809E+02 -0.15717E+03
  874  0.39545E+04  0.24507E+02 -0.15510E+03
  875  0.39606E+04  0.24209E+02 -0.15300E+03
  876  0.39665E+04  0.23916E+02 -0.15086E+03
  877  0.39722E+04  0.23628E+02 -0.14870E+03
  878  0.39776E+04  0.23345E+02 -0.14651E+03
  879  0.39829E+04  0.23067E+02 -0.14429E+03
  880  0.39879E+04  0.22794E+02 -0.14204E+03
  881  0.39927E+04  0.22527E+02 -0.13977E+03
  882  0.39972E+04  0.22264E+02 -0.13747E+03
  883  0.40015E+04  0.22008E+02 -0.13514E+03
  884  0.40056E+04  0.21757E+02 -0.13279E+03
  885  0.40095E+04  0.21512E+02 -0.13042E+03
  886  0.40131E+04  0.21273E+02 -0.12802E+03
  887  0.40164E+04  0.21039E+02 -0.12560E+03
  888  0.40195E+04  0.20812E+02 -0.12315E+03
  889  0.40224E+04  0.20592E+02 -0.12069E+03
  890  0.40250E+04  0.20377E+02 -0.11820E+03
  891  0.40274E+04  0.20169E+02 -0.11570E+03
  892  0.40295E+04  0.19968E+02 -0.11317E+03
  893  0.40313E+04  0.19774E+02 -0.11063E+03
  894  0.40329E+04  0.19586E+02 -0.10807E+03
  895  0.40342E+04  0.19406E+02 -0.10549E+03
  896  0.40352E+04  0.19232E+02 -0.10289E+03
  897  0.40360E+04  0.19066E+02 -0.10028E+03
  898  0.40365E+04  0.18907E+02 -0.97648E+02
  899  0.40368E+04  0.18756E+02 -0.95005E+02
  900  0.40367E+04  0.18612E+02 -0.92348E+02
  901  0.40364E+04  0.18476E+02 -0.89678E+02
  902  0.40358E+04  0.18348E+02 -0.86996E+02
  903  0.40349E+04  0.18228E+02 -0.84301E+02
  904  0.40338E+04  0.18115E+02 -0.81596E+02
  905  0.40323E+04  0.18010E+02 -0.78881E+02
  906  0.40306E+04  0.17912E+02 -0.76157E+02
  907  0.40287E+04  0.17823E+02 -0.73425E+02
  908  0.40264E+04  0.17740E+02 -0.70686E+02
  909  0.40239E+04  0.17666E+02 -0.67939E+02
  910  0.40211E+04  0.17600E+02 -0.65188E+02
  911  0.40181E+04  0.17541E+02 -0.62431E+02
  912  0.40148E+04  0.17489E+02 -0.59670E+02
  913  0.40112E+04  0.17446E+02 -0.56907E+02
  914  0.40074E+04  0.17410E+02 -0.54141E+02
  915  0.40033E+04  0.17381E+02 -0.51373E+02
  916  0.39989E+04  0.17360E+02 -0.48606E+02
  917  0.39943E+04  0.17347E+02 -0.45838E+02
  918  0.39894E+04  0.17342E+02 -0.43071E+02
  919  0.39843E+04  0.17344E+02 -0.40307E+02
  920  0.39789E+04  0.17354E+02 -0.37545E+02
  921  0.39733E+04  0.17371E+02 -0.34787E+02
  922  0.39674E+04  0.17396E+02 -0.32034E+02
  923  0.39613E+04  0.17429E+02 -0.29286E+02
  924  0.39549E+04  0.17469E+02 -0.26544E+02
  925  0.39483E+04  0.17517E+02 -0.23810E+02
  926  0.39414E+04  0.17572E+02 -0.21083E+02
  927  0.39343E+04  0.17635E+02 -0.18365E+02
  928  0.39269E+04  0.17706E+02 -0.15657E+02
  929  0.39193E+04  0.17784E+02 -0.12960E+02
  930  0.39115E+04  0.17869E+02 -0.10273E+02
  931  0.39034E+04  0.17962E+02 -0.75993E+01
  932  0.38951E+04  0.18063E+02 -0.49383E+01
  933  0.38865E+04  0.18171E+02 -0.22913E+01
  934  0.38777E+04  0.18287E+02  0.34094E+00
  935  0.38687E+04  0.18410E+02  0.29576E+01
  936  0.38594E+04  0.18541E+02  0.55577E+01
  937  0.38499E+04  0.18680E+02  0.81405E+01
  938  0.38402E+04  0.18825E+02  0.10705E+02
  939  0.38303E+04  0.18979E+02  0.13251E+02
  940  0.38201E+04  0.19139E+02  0.15776E+02
  941  0.38097E+04  0.19308E+02  0.18281E+02
  942  0.37991E+04  0.19484E+02  0.20765E+02
  943  0.37882E+04  0.19667E+02  0.23226E+02
  944  0.37771E+04  0.19857E+02  0.25663E+02
  945  0.37658E+04  0.20056E+02  0.28077E+02
  946  0.37543E+04  0.20261E+02  0.30465E+02
  947  0.37426E+04  0.20474E+02  0.32828E+02
  948  0.37307E+04  0.20695E+02  0.35164E+02
  949  0.37185E+04  0.20923E+02  0.37472E+02
  950  0.37061E+04  0.21158E+02  0.39752E+02
  951  0.36936E+04  0.21401E+02  0.42003E+02
  952  0.36808E+04  0.21651E+02  0.44224E+02
  953  0.36678E+04  0.21908E+02  0.46415E+02
  954  0.36546E+04  0.22172E+02  0.48576E+02
  955  0.36412E+04  0.22444E+02  0.50706E+02
  956  0.36276E+04  0.22722E+02  0.52805E+02
  957  0.36138E+04  0.23006E+02  0.54873E+02
  958  0.35999E+04  0.23297E+02  0.56908E+02
  959  0.35857E+04  0.23595E+02  0.58912E+02
  960  0.35714E+04  0.23898E+02  0.60883E+02
  961  0.35569E+04  0.24208E+02  0.62822E+02
  962  0.35423E+04  0.24524E+02  0.64727E+02
  963  0.35274E+04  0.24846E+02  0.66599E+02
  964  0.35125E+04  0.25173E+02  0.68436E+02
  965  0.34973E+04  0.25506E+02  0.70240E+02
  966  0.34820E+04  0.25845E+02  0.72008E+02
  967  0.34666E+04  0.26189E+02  0.73742E+02
  968  0.34510E+04  0.26538E+02  0.75441E+02
  969  0.34353E+04  0.26892E+02  0.77103E+02
  970  0.34194E+04  0.27251E+02  0.78730E+02
  971  0.34034E+04  0.27615E+02  0.80320E+02
  972  0.33873E+04  0.27984E+02  0.81873E+02
  973  0.33711E+04  0.28357E+02  0.83390E+02
  974  0.33547E+04  0.28735E+02  0.84868E+02
  975  0.33382E+04  0.29117E+02  0.86309E+02
  976  0.33216E+04  0.29503E+02  0.87712E+02
  977  0.33049E+04  0.29894E+02  0.89076E+02
  978  0.32881E+04  0.30288E+02  0.90401E+02
  979  0.32711E+04  0.30686E+02  0.91687E+02
  980  0.32541E+04  0.31087E+02  0.92933E+02
  981  0.32370E+04  0.31493E+02  0.94139E+02
  982  0.32198E+04  0.31901E+02  0.95305E+02
  983  0.32025E+04  0.32313E+02  0.96430E+02
  984  0.31852E+04  0.32728E+02  0.97514E+02
  985  0.31677E+04  0.33146E+02  0.98556E+02
  986  0.31502E+04  0.33567E+02  0.99557E+02
  987  0.31326E+04  0.33991E+02  0.10051E+03
  988  0.31150E+04  0.34417E+02  0.10143E+03
  989  0.30973E+04  0.34846E+02  0.10230E+03
  990  0.30795E+04  0.35277E+02  0.10313E+03
  991  0.30617E+04  0.35711E+02  0.10392E+03
  992  0.30438E+04  0.36146E+02  0.10466E+03
  993  0.30259E+04  0.36584E+02  0.10536E+03
  994  0.30079E+04  0.37023E+02  0.10601E+03
  995  0.29899E+04  0.37464E+02  0.10662E+03
  996  0.29719E+04  0.37907E+02  0.10718E+03
  997  0.29538E+04  0.38351E+02  0.10770E+03
  998  0.29357E+04  0.38796E+02  0.10817E+03
  999  0.29176E+04  0.39243E+02  0.10860E+03
 1000  0.28995E+04  0.39691E+02  0.10897E+03
 1001  0.28814E+04  0.40139E+02  0.10930E+03
 1002  0.28632E+04  0.40589E+02  0.10959E+03
 1003  0.28450E+04  0.41039E+02  0.10982E+03
 1004  0.28269E+04  0.41490E+02  0.11002E+03
 1005  0.28087E+04  0.41941E+02  0.11016E+03
 1006  0.27906E+04  0.42392E+02  0.11026E+03
 1007  0.27724E+04  0.42843E+02  0.11031E+03
 1008  0.27543E+04  0.43294E+02  0.11032E+03
 1009  0.27362E+04  0.43745E+02  0.11029E+03
 1010  0.27181E+04  0.44196E+02  0.11021E+03
 1011  0.27000E+04  0.44646E+02  0.11009E+03
 1012  0.26820E+04  0.45096E+02  0.10992E+03
 1013  0.26640E+04  0.45544E+02  0.10972E+03
 1014  0.26460E+04  0.45992E+02  0.10946E+03
 1015  0.26281E+04  0.46439E+02  0.10917E+03
 1016  0.26102E+04  0.46884E+02  0.10884E+03
 1017  0.25924E+04  0.47328E+02  0.10846E+03
 1018  0.25746E+04  0.47771E+02  0.10804E+03
 1019  0.25569E+04  0.48212E+02  0.10758E+03
 1020  0.25392E+04  0.48651E+02  0.10708E+03
 1021  0.25216E+04  0.49088E+02  0.10654E+03
 1022  0.25041E+04  0.49523E+02  0.10596E+03
 1023  0.24867E+04  0.49955E+02  0.10535E+03
 1024  0.24693E+04  0.50386E+02  0.10469E+03
 1025  0.24520E+04  0.50813E+02  0.10399E+03
 1026  0.24348E+04  0.51238E+02  0.10326E+03
 1027  0.24177E+04  0.51661E+02  0.10248E+03
 1028  0.24007E+04  0.52080E+02  0.10167E+03
 1029  0.23838E+04  0.52496E+02  0.10082E+03
 1030  0.23669E+04  0.52909E+02  0.99938E+02
 1031  0.23502E+04  0.53318E+02  0.99016E+02
 1032  0.23336E+04  0.53724E+02  0.98058E+02
 1033  0.23171E+04  0.54127E+02  0.97064E+02
 1034  0.23007E+04  0.54525E+02  0.96035E+02
 1035  0.22845E+04  0.54919E+02  0.94970E+02
 1036  0.22683E+04  0.55309E+02  0.93870E+02
 1037  0.22523E+04  0.55695E+02  0.92736E+02
 1038  0.22365E+04  0.56077E+02  0.91568E+02
 1039  0.22207E+04  0.56454E+02  0.90366E+02
 1040  0.22051E+04  0.56826E+02  0.89130E+02
 1041  0.21897E+04  0.57193E+02  0.87861E+02
 1042  0.21744E+04  0.57556E+02  0.86560E+02
 1043  0.21592E+04  0.57913E+02  0.85226E+02
 1044  0.21442E+04  0.58265E+02  0.83860E+02
 1045  0.21294E+04  0.58611E+02  0.82462E+02
 1046  0.21148E+04  0.58952E+02  0.81033E+02
 1047  0.21003E+04  0.59287E+02  0.79573E+02
 1048  0.20859E+04  0.59616E+02  0.78082E+02
 1049  0.20718E+04  0.59939E+02  0.76561E+02
 1050  0.20578E+04  0.60256E+02  0.75010E+02
 1051  0.20440E+04  0.60567E+02  0.73430E+02
 1052  0.20304E+04  0.60871E+02  0.71820E+02
 1053  0.20170E+04  0.61169E+02  0.70183E+02
 1054  0.20038E+04  0.61460E+02  0.68518E+02
 1055  0.19908E+04  0.61745E+02  0.66826E+02
 1056  0.19779E+04  0.62024E+02  0.65109E+02
 1057  0.19653E+04  0.62296E+02  0.63366E+02
 1058  0.19528E+04  0.62561E+02  0.61599E+02
 1059  0.19405E+04  0.62819E+02  0.59809E+02
 1060  0.19284E+04  0.63071E+02  0.57995E+02
 1061  0.19165E+04  0.63316E+02  0.56159E+02
 1062  0.19048E+04  0.63554E+02  0.54302E+02
 1063  0.18933E+04  0.63786E+02  0.52424E+02
 1064  0.18819E+04  0.64010E+02  0.50526E+02
 1065  0.18708E+04  0.64228E+02  0.48609E+02
 1066  0.18599E+04  0.64438E+02  0.46674E+02
 1067  0.18491E+04  0.64642E+02  0.44720E+02
 1068  0.18385E+04  0.64838E+02  0.42750E+02
 1069  0.18282E+04  0.65028E+02  0.40763E+02
 1070  0.18180E+04  0.65210E+02  0.38761E+02
 1071  0.18080E+04  0.65385E+02  0.36744E+02
 1072  0.17983E+04  0.65552E+02  0.34713E+02
 1073  0.17887E+04  0.65713E+02  0.32668E+02
 1074  0.17793E+04  0.65866E+02  0.30611E+02
 1075  0.17701E+04  0.66011E+02  0.28543E+02
 1076  0.17611E+04  0.66150E+02  0.26463E+02
 1077  0.17523E+04  0.66281E+02  0.24373E+02
 1078  0.17437E+04  0.66404E+02  0.22273E+02
 1079  0.17354E+04  0.66519E+02  0.20164E+02
 1080  0.17272E+04  0.66628E+02  0.18047E+02
 1081  0.17192E+04  0.66728E+02  0.15923E+02
 1082  0.17114E+04  0.66821E+02  0.13792E+02
 1083  0.17038E+04  0.66906E+02  0.11655E+02
 1084  0.16964E+04  0.66983E+02  0.95130E+01
 1085  0.16892E+04  0.67052E+02  0.73666E+01
 1086  0.16823E+04  0.67114E+02  0.52164E+01
 1087  0.16755E+04  0.67167E+02  0.30633E+01
 1088  0.16689E+04  0.67213E+02  0.90801E+00
 1089  0.16626E+04  0.67251E+02 -0.12488E+01
 1090  0.16564E+04  0.67280E+02 -0.34063E+01
 1091  0.16505E+04  0.67302E+02 -0.55638E+01
 1092  0.16447E+04  0.67315E+02 -0.77206E+01
 1093  0.16392E+04  0.67320E+02 -0.98759E+01
 1094  0.16339E+04  0.67317E+02 -0.12029E+02
 1095  0.16288E+04  0.67306E+02 -0.14179E+02
 1096  0.16238E+04  0.67286E+02 -0.16325E+02
 1097  0.16191E+04  0.67258E+02 -0.18467E+02
 1098  0.16147E+04  0.67222E+02 -0.20604E+02
 1099  0.16104E+04  0.67177E+02 -0.22735E+02
 1100  0.16063E+04  0.67123E+02 -0.24859E+02
 1101  0.16025E+04  0.67062E+02 -0.26976E+02
 1102  0.15988E+04  0.66991E+02 -0.29085E+02
 1103  0.15954E+04  0.66913E+02 -0.31185E+02
 1104  0.15921E+04  0.66826E+02 -0.33277E+02
 1105  0.15891E+04  0.66730E+02 -0.35359E+02
 1106  0.15863E+04  0.66627E+02 -0.37430E+02
 1107  0.15836E+04  0.66516E+02 -0.39492E+02
 1108  0.15812E+04  0.66397E+02 -0.41542E+02
 1109  0.15790E+04  0.66270E+02 -0.43581E+02
 1110  0.15769E+04  0.66135E+02 -0.45607E+02
 1111  0.15750E+04  0.65992E+02 -0.47621E+02
 1112  0.15734E+04  0.65842E+02 -0.49622E+02
 1113  0.15719E+04  0.65685E+02 -0.51608E+02
 1114  0.15705E+04  0.65520E+02 -0.53581E+02
 1115  0.15694E+04  0.65347E+02 -0.55539E+02
 1116  0.15684E+04  0.65168E+02 -0.57482E+02
 1117  0.15677E+04  0.64981E+02 -0.59408E+02
 1118  0.15670E+04  0.64788E+02 -0.61319E+02
 1119  0.15666E+04  0.64587E+02 -0.63212E+02
 1120  0.15663E+04  0.64379E+02 -0.65089E+02
 1121  0.15662E+04  0.64165E+02 -0.66947E+02
 1122  0.15663E+04  0.63944E+02 -0.68787E+02
 1123  0.15665E+04  0.63716E+02 -0.70608E+02
 1124  0.15668E+04  0.63482E+02 -0.72409E+02
 1125  0.15674E+04  0.63241E+02 -0.74190E+02
 1126  0.15680E+04  0.62994E+02 -0.75951E+02
 1127  0.15689E+04  0.62741E+02 -0.77691E+02
 1128  0.15699E+04  0.62482E+02 -0.79409E+02
 1129  0.15710E+04  0.62216E+02 -0.81105E+02
 1130  0.15722E+04  0.61945E+02 -0.82778E+02
 1131  0.15737E+04  0.61667E+02 -0.84428E+02
 1132  0.15752E+04  0.61384E+02 -0.86055E+02
 1133  0.15769E+04  0.61095E+02 -0.87657E+02
 1134  0.15787E+04  0.60800E+02 -0.89234E+02
 1135  0.15807E+04  0.60500E+02 -0.90786E+02
 1136  0.15827E+04  0.60194E+02 -0.92313E+02
 1137  0.15850E+04  0.59883E+02 -0.93813E+02
 1138  0.15873E+04  0.59566E+02 -0.95286E+02
 1139  0.15897E+04  0.59244E+02 -0.96732E+02
 1140  0.15923E+04  0.58917E+02 -0.98149E+02
 1141  0.15950E+04  0.58586E+02 -0.99539E+02
 1142  0.15978E+04  0.58249E+02 -0.10090E+03
 1143  0.16008E+04  0.57907E+02 -0.10223E+03
 1144  0.16038E+04  0.57560E+02 -0.10353E+03
 1145  0.16069E+04  0.57209E+02 -0.10480E+03
 1146  0.16102E+04  0.56853E+02 -0.10604E+03
 1147  0.16135E+04  0.56493E+02 -0.10725E+03
 1148  0.16170E+04  0.56128E+02 -0.10842E+03
 1149  0.16206E+04  0.55759E+02 -0.10957E+03
 1150  0.16242E+04  0.55385E+02 -0.11068E+03
 1151  0.16280E+04  0.55008E+02 -0.11175E+03
 1152  0.16318E+04  0.54626E+02 -0.11280E+03
 1153  0.16357E+04  0.54241E+02 -0.11380E+03
 1154  0.16397E+04  0.53851E+02 -0.11478E+03
 1155  0.16438E+04  0.53458E+02 -0.11572E+03
 1156  0.16480E+04  0.53062E+02 -0.11663E+03
 1157  0.16523E+04  0.52662E+02 -0.11751E+03
 1158  0.16566E+04  0.52260E+02 -0.11835E+03
 1159  0.16610E+04  0.51854E+02 -0.11916E+03
 1160  0.16654E+04  0.51445E+02 -0.11993E+03
 1161  0.16700E+04  0.51034E+02 -0.12067E+03
 1162  0.16746E+04  0.50619E+02 -0.12138E+03
 1163  0.16792E+04  0.50203E+02 -0.12206E+03
 1164  0.16839E+04  0.49784E+02 -0.12270E+03
 1165  0.16887E+04  0.49363E+02 -0.12331E+03
 1166  0.16935E+04  0.48940E+02 -0.12389E+03
 1167  0.16983E+04  0.48515E+02 -0.12443E+03
 1168  0.17032E+04  0.48089E+02 -0.12494E+03
 1169  0.17081E+04  0.47660E+02 -0.12542E+03
 1170  0.17131E+04  0.47231E+02 -0.12587E+03
 1171  0.17181E+04  0.46800E+02 -0.12628E+03
 1172  0.17231E+04  0.46368E+02 -0.12666E+03
 1173  0.17281E+04  0.45935E+02 -0.12701E+03
 1174  0.17332E+04  0.45501E+02 -0.12732E+03
 1175  0.17383E+04  0.45066E+02 -0.12761E+03
 1176  0.17434E+04  0.44631E+02 -0.12786E+03
 1177  0.17485E+04  0.44195E+02 -0.12807E+03
 1178  0.17537E+04  0.43759E+02 -0.12826E+03
 1179  0.17588E+04  0.43323E+02 -0.12841E+03
 1180  0.17640E+04  0.42886E+02 -0.12853E+03
 1181  0.17691E+04  0.42450E+02 -0.12862E+03
 1182  0.17743E+04  0.42015E+02 -0.12868E+03
 1183  0.17794E+04  0.41579E+02 -0.12871E+03
 1184  0.17846E+04  0.41144E+02 -0.12870E+03
 1185  0.17897E+04  0.40710E+02 -0.12866E+03
 1186  0.17948E+04  0.40277E+02 -0.12859E+03
 1187  0.17999E+04  0.39845E+02 -0.12849E+03
 1188  0.18050E+04  0.39414E+02 -0.12835E+03
 1189  0.18101E+04  0.38984E+02 -0.12819E+03
 1190  0.18151E+04  0.38556E+02 -0.12799E+03
 1191  0.18201E+04  0.38129E+02 -0.12776E+03
 1192  0.18251E+04  0.37704E+02 -0.12750E+03
 1193  0.18300E+04  0.37281E+02 -0.12720E+03
 1194  0.18349E+04  0.36860E+02 -0.12688E+03
 1195  0.18398E+04  0.36441E+02 -0.12652E+03
 1196  0.18446E+04  0.36024E+02 -0.12614E+03
 1197  0.18494E+04  0.35610E+02 -0.12572E+03
 1198  0.18541E+04  0.35198E+02 -0.12527E+03
 1199  0.18588E+04  0.34789E+02 -0.12479E+03
 1200  0.18634E+04  0.34383E+02 -0.12428E+03
 1201  0.18679E+04  0.33980E+02 -0.12373E+03
 1202  0.18724E+04  0.33580E+02 -0.12316E+03
 1203  0.18768E+04  0.33183E+02 -0.12255E+03
 1204  0.18812E+04  0.32789E+02 -0.12192E+03
 1205  0.18855E+04  0.32399E+02 -0.12126E+03
 1206  0.18897E+04  0.32013E+02 -0.12057E+03
 1207  0.18939E+04  0.31629E+02 -0.11985E+03
 1208  0.18980E+04  0.31250E+02 -0.11910E+03
 1209  0.19020E+04  0.30874E+02 -0.11833E+03
 1210  0.19060E+04  0.30502E+02 -0.11753E+03
 1211  0.19098E+04  0.30133E+02 -0.11670E+03
 1212  0.19136E+04  0.29769E+02 -0.11585E+03
 1213  0.19174E+04  0.29409E+02 -0.11497E+03
 1214  0.19210E+04  0.29053E+02 -0.11407E+03
 1215  0.19246E+04  0.28701E+02 -0.11314E+03
 1216  0.19280E+04  0.28353E+02 -0.11220E+03
 1217  0.19314E+04  0.28010E+02 -0.11122E+03
 1218  0.19348E+04  0.27671E+02 -0.11023E+03
 1219  0.19380E+04  0.27337E+02 -0.10921E+03
 1220  0.19411E+04  0.27008E+02 -0.10818E+03
 1221  0.19442E+04  0.26683E+02 -0.10712E+03
 1222  0.19472E+04  0.26363E+02 -0.10604E+03
 1223  0.19500E+04  0.26048E+02 -0.10494E+03
 1224  0.19528E+04  0.25738E+02 -0.10382E+03
 1225  0.19555E+04  0.25432E+02 -0.10268E+03
 1226  0.19581E+04  0.25133E+02 -0.10153E+03
 1227  0.19606E+04  0.24838E+02 -0.10035E+03
 1228  0.19630E+04  0.24549E+02 -0.99164E+02
 1229  0.19653E+04  0.24265E+02 -0.97956E+02
 1230  0.19675E+04  0.23986E+02 -0.96733E+02
 1231  0.19696E+04  0.23713E+02 -0.95493E+02
 1232  0.19716E+04  0.23446E+02 -0.94238E+02
 1233  0.19735E+04  0.23185E+02 -0.92968E+02
 1234  0.19752E+04  0.22929E+02 -0.91684E+02
 1235  0.19769E+04  0.22679E+02 -0.90386E+02
 1236  0.19785E+04  0.22436E+02 -0.89075E+02
 1237  0.19799E+04  0.22198E+02 -0.87751E+02
 1238  0.19813E+04  0.21967E+02 -0.86415E+02
 1239  0.19825E+04  0.21742E+02 -0.85067E+02
 1240  0.19836E+04  0.21523E+02 -0.83707E+02
 1241  0.19846E+04  0.21311E+02 -0.82338E+02
 1242  0.19854E+04  0.21105E+02 -0.80958E+02
 1243  0.19862E+04  0.20906E+02 -0.79568E+02
 1244  0.19868E+04  0.20713E+02 -0.78169E+02
 1245  0.19873E+04  0.20528E+02 -0.76761E+02
 1246  0.19877E+04  0.20349E+02 -0.75346E+02
 1247  0.19880E+04  0.20177E+02 -0.73922E+02
 1248  0.19881E+04  0.20012E+02 -0.72492E+02
 1249  0.19881E+04  0.19854E+02 -0.71054E+02
 1250  0.19880E+04  0.19704E+02 -0.69611E+02
 1251  0.19877E+04  0.19560E+02 -0.68162E+02
 1252  0.19873E+04  0.19425E+02 -0.66708E+02
 1253  0.19868E+04  0.19296E+02 -0.65250E+02
 1254  0.19861E+04  0.19174E+02 -0.63787E+02
 1255  0.19854E+04  0.19060E+02 -0.62321E+02
 1256  0.19845E+04  0.18953E+02 -0.60852E+02
 1257  0.19834E+04  0.18852E+02 -0.59380E+02
 1258  0.19823E+04  0.18759E+02 -0.57907E+02
 1259  0.19810E+04  0.18673E+02 -0.56431E+02
 1260  0.19796E+04  0.18594E+02 -0.54956E+02
 1261  0.19781E+04  0.18522E+02 -0.53479E+02
 1262  0.19764E+04  0.18457E+02 -0.52003E+02
 1263  0.19747E+04  0.18399E+02 -0.50527E+02
 1264  0.19728E+04  0.18347E+02 -0.49053E+02
 1265  0.19708E+04  0.18303E+02 -0.47580E+02
 1266  0.19687E+04  0.18265E+02 -0.46109E+02
 1267  0.19664E+04  0.18234E+02 -0.44642E+02
 1268  0.19641E+04  0.18209E+02 -0.43177E+02
 1269  0.19616E+04  0.18192E+02 -0.41716E+02
 1270  0.19590E+04  0.18181E+02 -0.40260E+02
 1271  0.19563E+04  0.18177E+02 -0.38808E+02
 1272  0.19535E+04  0.18179E+02 -0.37361E+02
 1273  0.19506E+04  0.18188E+02 -0.35921E+02
 1274  0.19476E+04  0.18203E+02 -0.34486E+02
 1275  0.19445E+04  0.18225E+02 -0.33059E+02
 1276  0.19412E+04  0.18254E+02 -0.31639E+02
 1277  0.19379E+04  0.18289E+02 -0.30227E+02
 1278  0.19344E+04  0.18330E+02 -0.28823E+02
 1279  0.19308E+04  0.18378E+02 -0.27429E+02
 1280  0.19272E+04  0.18432E+02 -0.26043E+02
 1281  0.19234E+04  0.18492E+02 -0.24668E+02
 1282  0.19195E+04  0.18558E+02 -0.23304E+02
 1283  0.19156E+04  0.18631E+02 -0.21950E+02
 1284  0.19115E+04  0.18710E+02 -0.20608E+02
 1285  0.19073E+04  0.18795E+02 -0.19278E+02
 1286  0.19030E+04  0.18887E+02 -0.17961E+02
 1287  0.18987E+04  0.18984E+02 -0.16657E+02
 1288  0.18942E+04  0.19088E+02 -0.15366E+02
 1289  0.18897E+04  0.19197E+02 -0.14090E+02
 1290  0.18850E+04  0.19313E+02 -0.12828E+02
 1291  0.18802E+04  0.19434E+02 -0.11581E+02
 1292  0.18754E+04  0.19562E+02 -0.10351E+02
 1293  0.18705E+04  0.19695E+02 -0.91360E+01
 1294  0.18654E+04  0.19834E+02 -0.79383E+01
 1295  0.18603E+04  0.19980E+02 -0.67578E+01
 1296  0.18551E+04  0.20131E+02 -0.55951E+01
 1297  0.18498E+04  0.20287E+02 -0.44508E+01
 1298  0.18444E+04  0.20450E+02 -0.33253E+01
 1299  0.18390E+04  0.20618E+02 -0.22192E+01
 1300  0.18334E+04  0.20792E+02 -0.11330E+01
 1301  0.18278E+04  0.20971E+02 -0.67134E-01
 1302  0.18220E+04  0.21156E+02  0.97819E+00
 1303  0.18162E+04  0.21347E+02  0.20028E+01
 1304  0.18103E+04  0.21543E+02  0.30067E+01
 1305  0.18044E+04  0.21743E+02  0.39896E+01
 1306  0.17984E+04  0.21949E+02  0.49514E+01
 1307  0.17922E+04  0.22160E+02  0.58920E+01
 1308  0.17861E+04  0.22376E+02  0.68112E+01
 1309  0.17798E+04  0.22597E+02  0.77090E+01
 1310  0.17735E+04  0.22822E+02  0.85852E+01
 1311  0.17672E+04  0.23052E+02  0.94396E+01
 1312  0.17607E+04  0.23286E+02  0.10272E+02
 1313  0.17542E+04  0.23524E+02  0.11083E+02
 1314  0.17477E+04  0.23766E+02  0.11871E+02
 1315  0.17411E+04  0.24013E+02  0.12637E+02
 1316  0.17344E+04  0.24263E+02  0.13381E+02
 1317  0.17277E+04  0.24518E+02  0.14102E+02
 1318  0.17210E+04  0.24775E+02  0.14801E+02
 1319  0.17142E+04  0.25037E+02  0.15476E+02
 1320  0.17073E+04  0.25302E+02  0.16129E+02
 1321  0.17004E+04  0.25570E+02  0.16759E+02
 1322  0.16935E+04  0.25842E+02  0.17365E+02
 1323  0.16866E+04  0.26116E+02  0.17948E+02
 1324  0.16796E+04  0.26394E+02  0.18508E+02
 1325  0.16725E+04  0.26675E+02  0.19044E+02
 1326  0.16655E+04  0.26958E+02  0.19556E+02
 1327  0.16584E+04  0.27244E+02  0.20045E+02
 1328  0.16512E+04  0.27532E+02  0.20509E+02
 1329  0.16441E+04  0.27823E+02  0.20950E+02
 1330  0.16369E+04  0.28116E+02  0.21366E+02
 1331  0.16298E+04  0.28412E+02  0.21757E+02
 1332  0.16226E+04  0.28709E+02  0.22124E+02
 1333  0.16153E+04  0.29009E+02  0.22467E+02
 1334  0.16081E+04  0.29310E+02  0.22784E+02
 1335  0.16009E+04  0.29613E+02  0.23077E+02
 1336  0.15936E+04  0.29918E+02  0.23345E+02
 1337  0.15863E+04  0.30224E+02  0.23587E+02
 1338  0.15791E+04  0.30531E+02  0.23804E+02
 1339  0.15718E+04  0.30840E+02  0.23996E+02
 1340  0.15645E+04  0.31150E+02  0.24162E+02
 1341  0.15573E+04  0.31461E+02  0.24302E+02
 1342  0.15500E+04  0.31773E+02  0.24417E+02
 1343  0.15427E+04  0.32086E+02  0.24505E+02
 1344  0.15355E+04  0.32399E+02  0.24567E+02
 1345  0.15282E+04  0.32713E+02  0.24603E+02
 1346  0.15210E+04  0.33028E+02  0.24613E+02
 1347  0.15138E+04  0.33343E+02  0.24596E+02
 1348  0.15066E+04  0.33658E+02  0.24552E+02
 1349  0.14994E+04  0.33973E+02  0.24482E+02
 1350  0.14922E+04  0.34288E+02  0.24385E+02
 1351  0.14851E+04  0.34603E+02  0.24260E+02
 1352  0.14780E+04  0.34918E+02  0.24109E+02
 1353  0.14709E+04  0.35233E+02  0.23932E+02
 1354  0.14638E+04  0.35547E+02  0.23728E+02
 1355  0.14568E+04  0.35861E+02  0.23499E+02
 1356  0.14498E+04  0.36174E+02  0.23244E+02
 1357  0.14428E+04  0.36486E+02  0.22963E+02
 1358  0.14359E+04  0.36798E+02  0.22658E+02
 1359  0.14289E+04  0.37108E+02  0.22328E+02
 1360  0.14221E+04  0.37418E+02  0.21974E+02
 1361  0.14152E+04  0.37726E+02  0.21596E+02
 1362  0.14084E+04  0.38033E+02  0.21194E+02
 1363  0.14017E+04  0.38339E+02  0.20769E+02
 1364  0.13950E+04  0.38644E+02  0.20320E+02
 1365  0.13883E+04  0.38946E+02  0.19849E+02
 1366  0.13817E+04  0.39248E+02  0.19355E+02
 1367  0.13751E+04  0.39547E+02  0.18839E+02
 1368  0.13686E+04  0.39845E+02  0.18301E+02
 1369  0.13621E+04  0.40141E+02  0.17742E+02
 1370  0.13557E+04  0.40434E+02  0.17161E+02
 1371  0.13493E+04  0.40726E+02  0.16559E+02
 1372  0.13430E+04  0.41015E+02  0.15937E+02
 1373  0.13367E+04  0.41302E+02  0.15294E+02
 1374  0.13305E+04  0.41587E+02  0.14632E+02
 1375  0.13244E+04  0.41869E+02  0.13949E+02
 1376  0.13183E+04  0.42148E+02  0.13247E+02
 1377  0.13123E+04  0.42425E+02  0.12526E+02
 1378  0.13063E+04  0.42698E+02  0.11786E+02
 1379  0.13004E+04  0.42969E+02  0.11027E+02
 1380  0.12946E+04  0.43237E+02  0.10250E+02
 1381  0.12888E+04  0.43501E+02  0.94555E+01
 1382  0.12831E+04  0.43762E+02  0.86431E+01
 1383  0.12775E+04  0.44020E+02  0.78134E+01
 1384  0.12719E+04  0.44275E+02  0.69666E+01
 1385  0.12664E+04  0.44526E+02  0.61031E+01
 1386  0.12610E+04  0.44773E+02  0.52233E+01
 1387  0.12557E+04  0.45016E+02  0.43272E+01
 1388  0.12505E+04  0.45256E+02  0.34154E+01
 1389  0.12453E+04  0.45491E+02  0.24881E+01
 1390  0.12402E+04  0.45723E+02  0.15456E+01
 1391  0.12352E+04  0.45950E+02  0.58821E+00
 1392  0.12303E+04  0.46173E+02 -0.38379E+00
 1393  0.12254E+04  0.46392E+02 -0.13701E+01
 1394  0.12207E+04  0.46606E+02 -0.23703E+01
 1395  0.12160E+04  0.46816E+02 -0.33843E+01
 1396  0.12115E+04  0.47020E+02 -0.44116E+01
 1397  0.12070E+04  0.47221E+02 -0.54520E+01
 1398  0.12026E+04  0.47416E+02 -0.65052E+01
 1399  0.11983E+04  0.47606E+02 -0.75708E+01
 1400  0.11941E+04  0.47791E+02 -0.86486E+01
 1401  0.11900E+04  0.47971E+02 -0.97382E+01
 1402  0.11860E+04  0.48146E+02 -0.10839E+02
 1403  0.11821E+04  0.48315E+02 -0.11951E+02
 1404  0.11783E+04  0.48480E+02 -0.13074E+02
 1405  0.11746E+04  0.48639E+02 -0.14206E+02
 1406  0.11710E+04  0.48793E+02 -0.15348E+02
 1407  0.11675E+04  0.48941E+02 -0.16499E+02
 1408  0.11640E+04  0.49084E+02 -0.17659E+02
 1409  0.11607E+04  0.49222E+02 -0.18827E+02
 1410  0.11575E+04  0.49355E+02 -0.20003E+02
 1411  0.11544E+04  0.49482E+02 -0.21186E+02
 1412  0.11513E+04  0.49604E+02 -0.22376E+02
 1413  0.11484E+04  0.49721E+02 -0.23572E+02
 1414  0.11455E+04  0.49832E+02 -0.24774E+02
 1415  0.11428E+04  0.49938E+02 -0.25982E+02
 1416  0.11401E+04  0.50038E+02 -0.27195E+02
 1417  0.11376E+04  0.50134E+02 -0.28412E+02
 1418  0.11351E+04  0.50223E+02 -0.29634E+02
 1419  0.11327E+04  0.50308E+02 -0.30859E+02
 1420  0.11305E+04  0.50386E+02 -0.32087E+02
 1421  0.11283E+04  0.50460E+02 -0.33318E+02
 1422  0.11262E+04  0.50528E+02 -0.34552E+02
 1423  0.11242E+04  0.50590E+02 -0.35787E+02
 1424  0.11223E+04  0.50647E+02 -0.37023E+02
 1425  0.11205E+04  0.50699E+02 -0.38261E+02
 1426  0.11187E+04  0.50745E+02 -0.39499E+02
 1427  0.11171E+04  0.50785E+02 -0.40737E+02
 1428  0.11156E+04  0.50820E+02 -0.41974E+02
 1429  0.11141E+04  0.50849E+02 -0.43211E+02
 1430  0.11128E+04  0.50873E+02 -0.44446E+02
 1431  0.11115E+04  0.50891E+02 -0.45680E+02
 1432  0.11104E+04  0.50904E+02 -0.46911E+02
 1433  0.11093E+04  0.50911E+02 -0.48140E+02
 1434  0.11083E+04  0.50913E+02 -0.49365E+02
 1435  0.11074E+04  0.50908E+02 -0.50587E+02
 1436  0.11066E+04  0.50899E+02 -0.51805E+02
 1437  0.11059E+04  0.50883E+02 -0.53018E+02
 1438  0.11053E+04  0.50862E+02 -0.54226E+02
 1439  0.11048E+04  0.50835E+02 -0.55429E+02
 1440  0.11043E+04  0.50803E+02 -0.56625E+02
 1441  0.11040E+04  0.50765E+02 -0.57816E+02
 1442  0.11037E+04  0.50721E+02 -0.58999E+02
 1443  0.11035E+04  0.50671E+02 -0.60176E+02
 1444  0.11034E+04  0.50616E+02 -0.61345E+02
 1445  0.11034E+04  0.50555E+02 -0.62505E+02
 1446  0.11035E+04  0.50488E+02 -0.63657E+02
 1447  0.11037E+04  0.50415E+02 -0.64800E+02
 1448  0.11040E+04  0.50337E+02 -0.65933E+02
 1449  0.11044E+04  0.50253E+02 -0.67056E+02
 1450  0.11048E+04  0.50163E+02 -0.68169E+02
 1451  0.11053E+04  0.50067E+02 -0.69271E+02
 1452  0.11060E+04  0.49965E+02 -0.70361E+02
 1453  0.11067E+04  0.49858E+02 -0.71441E+02
 1454  0.11075E+04  0.49745E+02 -0.72509E+02
 1455  0.11083E+04  0.49627E+02 -0.73564E+02
 1456  0.11093E+04  0.49503E+02 -0.74608E+02
 1457  0.11103E+04  0.49374E+02 -0.75639E+02
 1458  0.11114E+04  0.49239E+02 -0.76658E+02
 1459  0.11126E+04  0.49100E+02 -0.77664E+02
 1460  0.11139E+04  0.48955E+02 -0.78657E+02
 1461  0.11152E+04  0.48805E+02 -0.79636E+02
 1462  0.11166E+04  0.48650E+02 -0.80602E+02
 1463  0.11181E+04  0.48490E+02 -0.81554E+02
 1464  0.11196E+04  0.48326E+02 -0.82492E+02
 1465  0.11212E+04  0.48156E+02 -0.83416E+02
 1466  0.11229E+04  0.47982E+02 -0.84325E+02
 1467  0.11246E+04  0.47804E+02 -0.85219E+02
 1468  0.11265E+04  0.47620E+02 -0.86098E+02
 1469  0.11283E+04  0.47433E+02 -0.86962E+02
 1470  0.11302E+04  0.47241E+02 -0.87811E+02
 1471  0.11322E+04  0.47044E+02 -0.88643E+02
 1472  0.11342E+04  0.46844E+02 -0.89460E+02
 1473  0.11363E+04  0.46639E+02 -0.90260E+02
 1474  0.11385E+04  0.46430E+02 -0.91044E+02
 1475  0.11407E+04  0.46218E+02 -0.91811E+02
 1476  0.11429E+04  0.46001E+02 -0.92561E+02
 1477  0.11452E+04  0.45781E+02 -0.93294E+02
 1478  0.11476E+04  0.45556E+02 -0.94010E+02
 1479  0.11500E+04  0.45328E+02 -0.94707E+02
 1480  0.11524E+04  0.45097E+02 -0.95387E+02
 1481  0.11549E+04  0.44862E+02 -0.96049E+02
 1482  0.11574E+04  0.44623E+02 -0.96692E+02
 1483  0.11599E+04  0.44381E+02 -0.97316E+02
 1484  0.11625E+04  0.44136E+02 -0.97922E+02
 1485  0.11652E+04  0.43888E+02 -0.98508E+02
 1486  0.11678E+04  0.43636E+02 -0.99075E+02
 1487  0.11705E+04  0.43381E+02 -0.99622E+02
 1488  0.11733E+04  0.43123E+02 -0.10015E+03
 1489  0.11760E+04  0.42863E+02 -0.10066E+03
 1490  0.11788E+04  0.42599E+02 -0.10114E+03
 1491  0.11817E+04  0.42333E+02 -0.10161E+03
 1492  0.11845E+04  0.42064E+02 -0.10205E+03
 1493  0.11874E+04  0.41792E+02 -0.10248E+03
 1494  0.11903E+04  0.41518E+02 -0.10288E+03
 1495  0.11932E+04  0.41242E+02 -0.10326E+03
 1496  0.11961E+04  0.40963E+02 -0.10362E+03
 1497  0.11991E+04  0.40681E+02 -0.10396E+03
 1498  0.12021E+04  0.40398E+02 -0.10427E+03
 1499  0.12051E+04  0.40112E+02 -0.10457E+03
 1500  0.12081E+04  0.39824E+02 -0.10483E+03
