 ### First line has dlss for this model and kcutflag
 ### Then normal l ClT ClE ClC output
     13615.649878337  1
    2  0.12482E+04  0.63173E-01  0.39358E+01
    3  0.11769E+04  0.11245E+00  0.50691E+01
    4  0.11031E+04  0.13824E+00  0.54128E+01
    5  0.10490E+04  0.13377E+00  0.51984E+01
    6  0.10050E+04  0.10776E+00  0.46839E+01
    7  0.97788E+03  0.74400E-01  0.40081E+01
    8  0.95601E+03  0.45413E-01  0.32986E+01
    9  0.93550E+03  0.26369E-01  0.26893E+01
   10  0.92925E+03  0.17026E-01  0.22055E+01
   11  0.92974E+03  0.13875E-01  0.18260E+01
   12  0.93113E+03  0.13284E-01  0.15515E+01
   13  0.93074E+03  0.12411E-01  0.13850E+01
   14  0.92971E+03  0.11101E-01  0.13103E+01
   15  0.93014E+03  0.98702E-02  0.13063E+01
   16  0.93364E+03  0.91314E-02  0.13528E+01
   17  0.93989E+03  0.88919E-02  0.14351E+01
   18  0.94808E+03  0.90568E-02  0.15392E+01
   19  0.95739E+03  0.95310E-02  0.16514E+01
   20  0.96700E+03  0.10220E-01  0.17580E+01
   21  0.97625E+03  0.11046E-01  0.18478E+01
   22  0.98504E+03  0.12009E-01  0.19205E+01
   23  0.99340E+03  0.13125E-01  0.19783E+01
   24  0.10014E+04  0.14409E-01  0.20237E+01
   25  0.10090E+04  0.15879E-01  0.20588E+01
   26  0.10163E+04  0.17551E-01  0.20861E+01
   27  0.10234E+04  0.19443E-01  0.21078E+01
   28  0.10303E+04  0.21569E-01  0.21261E+01
   29  0.10369E+04  0.23947E-01  0.21436E+01
   30  0.10435E+04  0.26594E-01  0.21623E+01
   31  0.10499E+04  0.29523E-01  0.21840E+01
   32  0.10562E+04  0.32736E-01  0.22074E+01
   33  0.10624E+04  0.36234E-01  0.22305E+01
   34  0.10685E+04  0.40016E-01  0.22514E+01
   35  0.10743E+04  0.44082E-01  0.22682E+01
   36  0.10800E+04  0.48431E-01  0.22790E+01
   37  0.10855E+04  0.53064E-01  0.22816E+01
   38  0.10907E+04  0.57979E-01  0.22743E+01
   39  0.10957E+04  0.63177E-01  0.22551E+01
   40  0.11004E+04  0.68657E-01  0.22220E+01
   41  0.11048E+04  0.74420E-01  0.21734E+01
   42  0.11090E+04  0.80462E-01  0.21092E+01
   43  0.11129E+04  0.86783E-01  0.20297E+01
   44  0.11165E+04  0.93380E-01  0.19350E+01
   45  0.11199E+04  0.10025E+00  0.18254E+01
   46  0.11230E+04  0.10740E+00  0.17010E+01
   47  0.11259E+04  0.11481E+00  0.15622E+01
   48  0.11286E+04  0.12250E+00  0.14090E+01
   49  0.11310E+04  0.13045E+00  0.12419E+01
   50  0.11333E+04  0.13867E+00  0.10609E+01
   51  0.11353E+04  0.14715E+00  0.86628E+00
   52  0.11372E+04  0.15589E+00  0.65850E+00
   53  0.11388E+04  0.16488E+00  0.43794E+00
   54  0.11403E+04  0.17412E+00  0.20499E+00
   55  0.11416E+04  0.18359E+00 -0.39919E-01
   56  0.11426E+04  0.19330E+00 -0.29639E+00
   57  0.11435E+04  0.20323E+00 -0.56400E+00
   58  0.11442E+04  0.21338E+00 -0.84235E+00
   59  0.11447E+04  0.22374E+00 -0.11310E+01
   60  0.11450E+04  0.23430E+00 -0.14296E+01
   61  0.11452E+04  0.24506E+00 -0.17377E+01
   62  0.11451E+04  0.25600E+00 -0.20548E+01
   63  0.11449E+04  0.26710E+00 -0.23804E+01
   64  0.11444E+04  0.27834E+00 -0.27140E+01
   65  0.11438E+04  0.28969E+00 -0.30551E+01
   66  0.11431E+04  0.30113E+00 -0.34032E+01
   67  0.11421E+04  0.31265E+00 -0.37578E+01
   68  0.11410E+04  0.32421E+00 -0.41184E+01
   69  0.11397E+04  0.33581E+00 -0.44845E+01
   70  0.11383E+04  0.34742E+00 -0.48556E+01
   71  0.11367E+04  0.35902E+00 -0.52313E+01
   72  0.11349E+04  0.37058E+00 -0.56109E+01
   73  0.11330E+04  0.38209E+00 -0.59939E+01
   74  0.11309E+04  0.39353E+00 -0.63800E+01
   75  0.11286E+04  0.40486E+00 -0.67684E+01
   76  0.11262E+04  0.41608E+00 -0.71587E+01
   77  0.11236E+04  0.42715E+00 -0.75504E+01
   78  0.11208E+04  0.43806E+00 -0.79429E+01
   79  0.11178E+04  0.44878E+00 -0.83358E+01
   80  0.11147E+04  0.45930E+00 -0.87285E+01
   81  0.11114E+04  0.46959E+00 -0.91203E+01
   82  0.11079E+04  0.47962E+00 -0.95104E+01
   83  0.11043E+04  0.48936E+00 -0.98978E+01
   84  0.11004E+04  0.49880E+00 -0.10281E+02
   85  0.10963E+04  0.50790E+00 -0.10660E+02
   86  0.10919E+04  0.51663E+00 -0.11033E+02
   87  0.10874E+04  0.52497E+00 -0.11399E+02
   88  0.10826E+04  0.53289E+00 -0.11757E+02
   89  0.10775E+04  0.54036E+00 -0.12106E+02
   90  0.10722E+04  0.54736E+00 -0.12445E+02
   91  0.10665E+04  0.55385E+00 -0.12773E+02
   92  0.10606E+04  0.55984E+00 -0.13090E+02
   93  0.10544E+04  0.56531E+00 -0.13394E+02
   94  0.10479E+04  0.57024E+00 -0.13686E+02
   95  0.10411E+04  0.57463E+00 -0.13964E+02
   96  0.10340E+04  0.57847E+00 -0.14228E+02
   97  0.10266E+04  0.58175E+00 -0.14478E+02
   98  0.10188E+04  0.58446E+00 -0.14712E+02
   99  0.10107E+04  0.58659E+00 -0.14931E+02
  100  0.10022E+04  0.58813E+00 -0.15133E+02
  101  0.99341E+03  0.58907E+00 -0.15318E+02
  102  0.98425E+03  0.58940E+00 -0.15485E+02
  103  0.97473E+03  0.58911E+00 -0.15634E+02
  104  0.96483E+03  0.58819E+00 -0.15765E+02
  105  0.95456E+03  0.58663E+00 -0.15875E+02
  106  0.94390E+03  0.58443E+00 -0.15966E+02
  107  0.93285E+03  0.58156E+00 -0.16036E+02
  108  0.92139E+03  0.57803E+00 -0.16085E+02
  109  0.90954E+03  0.57381E+00 -0.16112E+02
  110  0.89726E+03  0.56891E+00 -0.16116E+02
  111  0.88457E+03  0.56332E+00 -0.16098E+02
  112  0.87148E+03  0.55706E+00 -0.16057E+02
  113  0.85799E+03  0.55017E+00 -0.15995E+02
  114  0.84413E+03  0.54267E+00 -0.15911E+02
  115  0.82990E+03  0.53460E+00 -0.15807E+02
  116  0.81533E+03  0.52599E+00 -0.15683E+02
  117  0.80042E+03  0.51687E+00 -0.15540E+02
  118  0.78520E+03  0.50728E+00 -0.15378E+02
  119  0.76967E+03  0.49723E+00 -0.15199E+02
  120  0.75385E+03  0.48677E+00 -0.15002E+02
  121  0.73776E+03  0.47593E+00 -0.14789E+02
  122  0.72141E+03  0.46474E+00 -0.14560E+02
  123  0.70482E+03  0.45322E+00 -0.14316E+02
  124  0.68799E+03  0.44141E+00 -0.14058E+02
  125  0.67095E+03  0.42935E+00 -0.13785E+02
  126  0.65370E+03  0.41706E+00 -0.13500E+02
  127  0.63627E+03  0.40457E+00 -0.13201E+02
  128  0.61867E+03  0.39193E+00 -0.12891E+02
  129  0.60091E+03  0.37914E+00 -0.12570E+02
  130  0.58301E+03  0.36626E+00 -0.12238E+02
  131  0.56499E+03  0.35331E+00 -0.11897E+02
  132  0.54687E+03  0.34031E+00 -0.11546E+02
  133  0.52868E+03  0.32729E+00 -0.11188E+02
  134  0.51047E+03  0.31428E+00 -0.10823E+02
  135  0.49227E+03  0.30130E+00 -0.10453E+02
  136  0.47410E+03  0.28837E+00 -0.10079E+02
  137  0.45600E+03  0.27552E+00 -0.97015E+01
  138  0.43801E+03  0.26277E+00 -0.93220E+01
  139  0.42016E+03  0.25016E+00 -0.89417E+01
  140  0.40248E+03  0.23769E+00 -0.85615E+01
  141  0.38500E+03  0.22541E+00 -0.81828E+01
  142  0.36776E+03  0.21332E+00 -0.78065E+01
  143  0.35079E+03  0.20147E+00 -0.74338E+01
  144  0.33412E+03  0.18986E+00 -0.70659E+01
  145  0.31779E+03  0.17854E+00 -0.67038E+01
  146  0.30183E+03  0.16751E+00 -0.63487E+01
  147  0.28627E+03  0.15681E+00 -0.60018E+01
  148  0.27115E+03  0.14647E+00 -0.56641E+01
  149  0.25650E+03  0.13650E+00 -0.53368E+01
  150  0.24235E+03  0.12693E+00 -0.50210E+01
  151  0.22874E+03  0.11778E+00 -0.47176E+01
  152  0.21564E+03  0.10904E+00 -0.44266E+01
  153  0.20307E+03  0.10072E+00 -0.41477E+01
  154  0.19099E+03  0.92788E-01 -0.38807E+01
  155  0.17941E+03  0.85249E-01 -0.36252E+01
  156  0.16832E+03  0.78090E-01 -0.33812E+01
  157  0.15770E+03  0.71301E-01 -0.31482E+01
  158  0.14754E+03  0.64873E-01 -0.29261E+01
  159  0.13783E+03  0.58798E-01 -0.27145E+01
  160  0.12857E+03  0.53066E-01 -0.25133E+01
  161  0.11973E+03  0.47668E-01 -0.23222E+01
  162  0.11132E+03  0.42594E-01 -0.21409E+01
  163  0.10332E+03  0.37837E-01 -0.19691E+01
  164  0.95719E+02  0.33386E-01 -0.18067E+01
  165  0.88507E+02  0.29232E-01 -0.16533E+01
  166  0.81673E+02  0.25366E-01 -0.15087E+01
  167  0.75208E+02  0.21780E-01 -0.13726E+01
  168  0.69101E+02  0.18463E-01 -0.12449E+01
  169  0.63342E+02  0.15407E-01 -0.11251E+01
  170  0.57919E+02  0.12602E-01 -0.10132E+01
  171  0.52824E+02  0.10040E-01 -0.90872E+00
  172  0.48044E+02  0.77111E-02 -0.81153E+00
  173  0.43570E+02  0.56062E-02 -0.72135E+00
  174  0.39391E+02  0.37162E-02 -0.63792E+00
  175  0.35497E+02  0.20320E-02 -0.56098E+00
  176  0.31876E+02  0.54434E-03 -0.49028E+00
  177  0.28520E+02 -0.75590E-03 -0.42556E+00
  178  0.25417E+02 -0.18779E-02 -0.36657E+00
  179  0.22556E+02 -0.28307E-02 -0.31306E+00
  180  0.19928E+02 -0.36237E-02 -0.26475E+00
  181  0.17522E+02 -0.42658E-02 -0.22141E+00
  182  0.15327E+02 -0.47664E-02 -0.18277E+00
  183  0.13332E+02 -0.51344E-02 -0.14858E+00
  184  0.11528E+02 -0.53792E-02 -0.11858E+00
  185  0.99043E+01 -0.55098E-02 -0.92513E-01
  186  0.84496E+01 -0.55354E-02 -0.70131E-01
  187  0.71538E+01 -0.54652E-02 -0.51173E-01
  188  0.60064E+01 -0.53083E-02 -0.35384E-01
  189  0.49969E+01 -0.50740E-02 -0.22508E-01
  190  0.41150E+01 -0.47712E-02 -0.12290E-01
  191  0.33500E+01 -0.44093E-02 -0.44740E-02
  192  0.26915E+01 -0.39974E-02  0.11964E-02
  193  0.21290E+01 -0.35446E-02  0.49767E-02
  194  0.16520E+01 -0.30601E-02  0.71226E-02
  195  0.12502E+01 -0.25530E-02  0.78898E-02
  196  0.91288E+00 -0.20325E-02  0.75343E-02
  197  0.62970E+00 -0.15079E-02  0.63118E-02
  198  0.39015E+00 -0.98810E-03  0.44781E-02
  199  0.18374E+00 -0.48243E-03  0.22889E-02
  200  0.00000E+00  0.00000E+00  0.00000E+00
  201 -0.16986E+00  0.45168E-03 -0.21760E-02
  202 -0.32784E+00  0.87178E-03 -0.41999E-02
  203 -0.47425E+00  0.12611E-02 -0.60756E-02
  204 -0.60941E+00  0.16205E-02 -0.78070E-02
  205 -0.73361E+00  0.19508E-02 -0.93981E-02
  206 -0.84717E+00  0.22528E-02 -0.10853E-01
  207 -0.95040E+00  0.25273E-02 -0.12175E-01
  208 -0.10436E+01  0.27751E-02 -0.13369E-01
  209 -0.11271E+01  0.29971E-02 -0.14439E-01
  210 -0.12012E+01  0.31941E-02 -0.15388E-01
  211 -0.12662E+01  0.33669E-02 -0.16221E-01
  212 -0.13224E+01  0.35164E-02 -0.16941E-01
  213 -0.13701E+01  0.36433E-02 -0.17552E-01
  214 -0.14096E+01  0.37485E-02 -0.18059E-01
  215 -0.14413E+01  0.38328E-02 -0.18465E-01
  216 -0.14655E+01  0.38970E-02 -0.18774E-01
  217 -0.14824E+01  0.39419E-02 -0.18991E-01
  218 -0.14924E+01  0.39684E-02 -0.19118E-01
  219 -0.14957E+01  0.39773E-02 -0.19161E-01
  220 -0.14927E+01  0.39694E-02 -0.19123E-01
  221 -0.14838E+01  0.39455E-02 -0.19008E-01
  222 -0.14691E+01  0.39065E-02 -0.18820E-01
  223 -0.14490E+01  0.38532E-02 -0.18563E-01
  224 -0.14239E+01  0.37863E-02 -0.18241E-01
  225 -0.13940E+01  0.37068E-02 -0.17858E-01
  226 -0.13596E+01  0.36154E-02 -0.17417E-01
  227 -0.13211E+01  0.35129E-02 -0.16924E-01
  228 -0.12787E+01  0.34003E-02 -0.16381E-01
  229 -0.12328E+01  0.32782E-02 -0.15793E-01
  230 -0.11837E+01  0.31476E-02 -0.15164E-01
  231 -0.11316E+01  0.30092E-02 -0.14497E-01
  232 -0.10770E+01  0.28639E-02 -0.13797E-01
  233 -0.10201E+01  0.27125E-02 -0.13068E-01
  234 -0.96112E+00  0.25558E-02 -0.12313E-01
  235 -0.90051E+00  0.23946E-02 -0.11536E-01
  236 -0.83853E+00  0.22298E-02 -0.10742E-01
  237 -0.77549E+00  0.20622E-02 -0.99346E-02
  238 -0.71170E+00  0.18925E-02 -0.91174E-02
  239 -0.64746E+00  0.17217E-02 -0.82945E-02
  240 -0.58309E+00  0.15505E-02 -0.74698E-02
  241 -0.51890E+00  0.13798E-02 -0.66474E-02
  242 -0.45518E+00  0.12104E-02 -0.58312E-02
  243 -0.39226E+00  0.10431E-02 -0.50252E-02
  244 -0.33045E+00  0.87871E-03 -0.42333E-02
  245 -0.27004E+00  0.71809E-03 -0.34595E-02
  246 -0.21136E+00  0.56203E-03 -0.27077E-02
  247 -0.15470E+00  0.41138E-03 -0.19818E-02
  248 -0.10038E+00  0.26694E-03 -0.12860E-02
  249 -0.48714E-01  0.12954E-03 -0.62406E-03
  250  0.00000E+00  0.00000E+00  0.00000E+00
  251  0.45514E-01 -0.12103E-03  0.58307E-03
  252  0.87845E-01 -0.23359E-03  0.11254E-02
  253  0.12708E+00 -0.33792E-03  0.16279E-02
  254  0.16329E+00 -0.43421E-03  0.20919E-02
  255  0.19657E+00 -0.52271E-03  0.25182E-02
  256  0.22700E+00 -0.60363E-03  0.29080E-02
  257  0.25466E+00 -0.67718E-03  0.32624E-02
  258  0.27963E+00 -0.74359E-03  0.35823E-02
  259  0.30200E+00 -0.80308E-03  0.38689E-02
  260  0.32186E+00 -0.85586E-03  0.41232E-02
  261  0.33927E+00 -0.90217E-03  0.43463E-02
  262  0.35433E+00 -0.94221E-03  0.45392E-02
  263  0.36712E+00 -0.97622E-03  0.47030E-02
  264  0.37771E+00 -0.10044E-02  0.48388E-02
  265  0.38621E+00 -0.10270E-02  0.49476E-02
  266  0.39268E+00 -0.10442E-02  0.50305E-02
  267  0.39720E+00 -0.10562E-02  0.50885E-02
  268  0.39988E+00 -0.10633E-02  0.51227E-02
  269  0.40077E+00 -0.10657E-02  0.51342E-02
  270  0.39998E+00 -0.10636E-02  0.51240E-02
  271  0.39757E+00 -0.10572E-02  0.50932E-02
  272  0.39364E+00 -0.10467E-02  0.50428E-02
  273  0.38826E+00 -0.10324E-02  0.49739E-02
  274  0.38153E+00 -0.10145E-02  0.48876E-02
  275  0.37351E+00 -0.99322E-03  0.47850E-02
  276  0.36430E+00 -0.96873E-03  0.46670E-02
  277  0.35398E+00 -0.94129E-03  0.45347E-02
  278  0.34263E+00 -0.91110E-03  0.43893E-02
  279  0.33033E+00 -0.87840E-03  0.42318E-02
  280  0.31717E+00 -0.84340E-03  0.40631E-02
  281  0.30322E+00 -0.80632E-03  0.38845E-02
  282  0.28858E+00 -0.76738E-03  0.36969E-02
  283  0.27332E+00 -0.72681E-03  0.35015E-02
  284  0.25753E+00 -0.68482E-03  0.32992E-02
  285  0.24129E+00 -0.64163E-03  0.30911E-02
  286  0.22468E+00 -0.59747E-03  0.28784E-02
  287  0.20779E+00 -0.55255E-03  0.26620E-02
  288  0.19070E+00 -0.50710E-03  0.24430E-02
  289  0.17349E+00 -0.46133E-03  0.22225E-02
  290  0.15624E+00 -0.41546E-03  0.20015E-02
  291  0.13904E+00 -0.36972E-03  0.17812E-02
  292  0.12197E+00 -0.32433E-03  0.15625E-02
  293  0.10511E+00 -0.27950E-03  0.13465E-02
  294  0.88543E-01 -0.23545E-03  0.11343E-02
  295  0.72358E-01 -0.19241E-03  0.92696E-03
  296  0.56633E-01 -0.15060E-03  0.72551E-03
  297  0.41452E-01 -0.11023E-03  0.53103E-03
  298  0.26898E-01 -0.71526E-04  0.34458E-03
  299  0.13053E-01 -0.34710E-04  0.16722E-03
  300  0.00000E+00  0.00000E+00  0.00000E+00
  301 -0.12195E-01  0.32429E-04 -0.15623E-03
  302 -0.23538E-01  0.62591E-04 -0.30154E-03
  303 -0.34050E-01  0.90544E-04 -0.43621E-03
  304 -0.43754E-01  0.11635E-03 -0.56052E-03
  305 -0.52671E-01  0.14006E-03 -0.67475E-03
  306 -0.60824E-01  0.16174E-03 -0.77920E-03
  307 -0.68236E-01  0.18145E-03 -0.87415E-03
  308 -0.74928E-01  0.19924E-03 -0.95988E-03
  309 -0.80922E-01  0.21518E-03 -0.10367E-02
  310 -0.86241E-01  0.22933E-03 -0.11048E-02
  311 -0.90907E-01  0.24174E-03 -0.11646E-02
  312 -0.94942E-01  0.25247E-03 -0.12163E-02
  313 -0.98368E-01  0.26158E-03 -0.12602E-02
  314 -0.10121E+00  0.26913E-03 -0.12966E-02
  315 -0.10348E+00  0.27518E-03 -0.13257E-02
  316 -0.10522E+00  0.27979E-03 -0.13479E-02
  317 -0.10643E+00  0.28302E-03 -0.13635E-02
  318 -0.10715E+00  0.28492E-03 -0.13726E-02
  319 -0.10739E+00  0.28556E-03 -0.13757E-02
  320 -0.10717E+00  0.28499E-03 -0.13730E-02
  321 -0.10653E+00  0.28328E-03 -0.13647E-02
  322 -0.10547E+00  0.28047E-03 -0.13512E-02
  323 -0.10403E+00  0.27664E-03 -0.13328E-02
  324 -0.10223E+00  0.27184E-03 -0.13096E-02
  325 -0.10008E+00  0.26613E-03 -0.12821E-02
  326 -0.97614E-01  0.25957E-03 -0.12505E-02
  327 -0.94849E-01  0.25222E-03 -0.12151E-02
  328 -0.91807E-01  0.24413E-03 -0.11761E-02
  329 -0.88511E-01  0.23537E-03 -0.11339E-02
  330 -0.84985E-01  0.22599E-03 -0.10887E-02
  331 -0.81248E-01  0.21605E-03 -0.10409E-02
  332 -0.77325E-01  0.20562E-03 -0.99059E-03
  333 -0.73237E-01  0.19475E-03 -0.93822E-03
  334 -0.69006E-01  0.18350E-03 -0.88401E-03
  335 -0.64654E-01  0.17193E-03 -0.82827E-03
  336 -0.60204E-01  0.16009E-03 -0.77126E-03
  337 -0.55678E-01  0.14806E-03 -0.71328E-03
  338 -0.51098E-01  0.13588E-03 -0.65460E-03
  339 -0.46486E-01  0.12361E-03 -0.59552E-03
  340 -0.41864E-01  0.11132E-03 -0.53631E-03
  341 -0.37255E-01  0.99067E-04 -0.47727E-03
  342 -0.32681E-01  0.86903E-04 -0.41866E-03
  343 -0.28163E-01  0.74891E-04 -0.36079E-03
  344 -0.23725E-01  0.63089E-04 -0.30394E-03
  345 -0.19388E-01  0.51556E-04 -0.24838E-03
  346 -0.15175E-01  0.40352E-04 -0.19440E-03
  347 -0.11107E-01  0.29535E-04 -0.14229E-03
  348 -0.72073E-02  0.19165E-04 -0.92330E-04
  349 -0.34975E-02  0.93004E-05 -0.44806E-04
  350  0.00000E+00  0.00000E+00  0.00000E+00
  351  0.32677E-02 -0.86894E-05  0.41862E-04
  352  0.63070E-02 -0.16771E-04  0.80797E-04
  353  0.91237E-02 -0.24261E-04  0.11688E-03
  354  0.11724E-01 -0.31175E-04  0.15019E-03
  355  0.14113E-01 -0.37529E-04  0.18080E-03
  356  0.16298E-01 -0.43338E-04  0.20879E-03
  357  0.18284E-01 -0.48619E-04  0.23423E-03
  358  0.20077E-01 -0.53387E-04  0.25720E-03
  359  0.21683E-01 -0.57658E-04  0.27778E-03
  360  0.23108E-01 -0.61448E-04  0.29603E-03
  361  0.24358E-01 -0.64773E-04  0.31205E-03
  362  0.25440E-01 -0.67648E-04  0.32590E-03
  363  0.26358E-01 -0.70089E-04  0.33766E-03
  364  0.27119E-01 -0.72113E-04  0.34741E-03
  365  0.27728E-01 -0.73734E-04  0.35522E-03
  366  0.28193E-01 -0.74969E-04  0.36117E-03
  367  0.28518E-01 -0.75834E-04  0.36534E-03
  368  0.28710E-01 -0.76344E-04  0.36779E-03
  369  0.28774E-01 -0.76515E-04  0.36862E-03
  370  0.28717E-01 -0.76363E-04  0.36789E-03
  371  0.28544E-01 -0.75904E-04  0.36567E-03
  372  0.28262E-01 -0.75153E-04  0.36206E-03
  373  0.27876E-01 -0.74127E-04  0.35711E-03
  374  0.27392E-01 -0.72840E-04  0.35092E-03
  375  0.26817E-01 -0.71310E-04  0.34354E-03
  376  0.26156E-01 -0.69552E-04  0.33507E-03
  377  0.25415E-01 -0.67581E-04  0.32558E-03
  378  0.24600E-01 -0.65414E-04  0.31514E-03
  379  0.23717E-01 -0.63066E-04  0.30383E-03
  380  0.22772E-01 -0.60553E-04  0.29172E-03
  381  0.21770E-01 -0.57891E-04  0.27890E-03
  382  0.20719E-01 -0.55095E-04  0.26543E-03
  383  0.19624E-01 -0.52183E-04  0.25139E-03
  384  0.18490E-01 -0.49168E-04  0.23687E-03
  385  0.17324E-01 -0.46067E-04  0.22193E-03
  386  0.16132E-01 -0.42897E-04  0.20666E-03
  387  0.14919E-01 -0.39672E-04  0.19112E-03
  388  0.13692E-01 -0.36408E-04  0.17540E-03
  389  0.12456E-01 -0.33122E-04  0.15957E-03
  390  0.11217E-01 -0.29829E-04  0.14370E-03
  391  0.99825E-02 -0.26545E-04  0.12788E-03
  392  0.87568E-02 -0.23286E-04  0.11218E-03
  393  0.75463E-02 -0.20067E-04  0.96674E-04
  394  0.63571E-02 -0.16905E-04  0.81440E-04
  395  0.51951E-02 -0.13814E-04  0.66553E-04
  396  0.40661E-02 -0.10812E-04  0.52090E-04
  397  0.29761E-02 -0.79140E-05  0.38127E-04
  398  0.19312E-02 -0.51353E-05  0.24740E-04
  399  0.93715E-03 -0.24920E-05  0.12006E-04
  400  0.00000E+00  0.00000E+00  0.00000E+00
