  0.164172E-04  0.196062E+08  0.196062E+08  0.261104E+08  0.261103E+08
  0.270674E-04  0.196061E+08  0.196061E+08  0.260566E+08  0.260564E+08
  0.446265E-04  0.196059E+08  0.196059E+08  0.259108E+08  0.259105E+08
  0.735767E-04  0.196051E+08  0.196051E+08  0.255184E+08  0.255175E+08
  0.121308E-03  0.196032E+08  0.196032E+08  0.244791E+08  0.244767E+08
  0.200002E-03  0.195979E+08  0.195979E+08  0.218473E+08  0.218418E+08
  0.329748E-03  0.195838E+08  0.195838E+08  0.159577E+08  0.159481E+08
  0.543663E-03  0.195479E+08  0.195479E+08  0.664486E+07  0.663993E+07
  0.896348E-03  0.194628E+08  0.194627E+08  0.129671E+07  0.130001E+07
  0.147783E-02  0.192798E+08  0.192795E+08  0.313469E+06  0.312342E+06
  0.243653E-02  0.189164E+08  0.189158E+08  0.831599E+05  0.804437E+05
  0.401715E-02  0.182461E+08  0.182445E+08  0.134793E+05  0.119890E+05
  0.662317E-02  0.171046E+08  0.171003E+08  0.183812E+04 -0.961076E+03
  0.110621E-01  0.152535E+08  0.152428E+08 -0.152052E+03 -0.155034E+04
  0.155011E-01  0.135697E+08  0.135510E+08 -0.306823E+03 -0.776909E+03
  0.199401E-01  0.120462E+08  0.120190E+08  0.106698E+03 -0.375040E+03
  0.243791E-01  0.106774E+08  0.106426E+08 -0.975272E+02 -0.283136E+03
  0.288181E-01  0.946530E+07  0.942481E+07  0.411455E+02 -0.200686E+03
  0.332571E-01  0.841338E+07  0.836954E+07  0.149710E+02 -0.905232E+02
  0.376960E-01  0.752105E+07  0.747650E+07 -0.127868E+02 -0.686775E+02
  0.421350E-01  0.678090E+07  0.673815E+07  0.830905E+01 -0.723864E+02
  0.465740E-01  0.617815E+07  0.613920E+07 -0.195390E+02 -0.306050E+02
  0.510130E-01  0.569191E+07  0.565805E+07 -0.148433E+02 -0.434323E+02
  0.554520E-01  0.529767E+07  0.526941E+07 -0.122439E+02 -0.268889E+02
  0.598910E-01  0.497029E+07  0.494736E+07 -0.501415E+01 -0.135747E+02
  0.643299E-01  0.468677E+07  0.466833E+07 -0.537788E+01 -0.192913E+02
  0.687689E-01  0.442848E+07  0.441330E+07  0.259020E+01 -0.156236E+02
  0.732079E-01  0.418244E+07  0.416916E+07  0.264571E+01 -0.102206E+02
  0.776469E-01  0.394162E+07  0.392897E+07 -0.420548E+01 -0.129912E+02
  0.820859E-01  0.370432E+07  0.369133E+07  0.230764E+01 -0.726123E+01
  0.865249E-01  0.347288E+07  0.345896E+07 -0.592536E+01 -0.409309E+01
  0.909638E-01  0.325205E+07  0.323701E+07 -0.341986E+01 -0.875027E+01
  0.954028E-01  0.304725E+07  0.303128E+07  0.126222E+01 -0.412637E+01
  0.998418E-01  0.286309E+07  0.284665E+07 -0.365808E+01 -0.482677E+01
  0.104281E+00  0.270236E+07  0.268605E+07  0.428531E+01 -0.463361E+01
  0.108720E+00  0.256546E+07  0.254989E+07  0.174531E+00 -0.183813E+01
  0.113159E+00  0.245047E+07  0.243616E+07  0.104149E+01 -0.270926E+01
  0.117598E+00  0.235361E+07  0.234087E+07  0.352347E-01 -0.367337E+01
  0.122037E+00  0.226995E+07  0.225888E+07 -0.170635E+01 -0.178912E+01
  0.126476E+00  0.219429E+07  0.218478E+07 -0.176154E+01 -0.244578E+01
  0.130915E+00  0.212201E+07  0.211375E+07 -0.191743E+01 -0.210840E+01
  0.135354E+00  0.204961E+07  0.204223E+07 -0.522152E+00 -0.587655E+00
  0.139793E+00  0.197513E+07  0.196819E+07 -0.948357E+00 -0.221161E+01
  0.144232E+00  0.189814E+07  0.189125E+07  0.772655E+00 -0.154760E+01
  0.148671E+00  0.181954E+07  0.181243E+07  0.578324E+00 -0.105959E+01
  0.153110E+00  0.174118E+07  0.173369E+07 -0.604064E+00 -0.141132E+01
  0.157549E+00  0.166533E+07  0.165744E+07  0.126105E+01 -0.786556E+00
  0.161988E+00  0.159419E+07  0.158599E+07 -0.140186E+01 -0.533182E+00
  0.166427E+00  0.152946E+07  0.152113E+07  0.357727E+00 -0.136094E+01
  0.170866E+00  0.147209E+07  0.146386E+07 -0.488017E-03 -0.731713E+00
  0.179189E+00  0.138407E+07  0.137657E+07 -0.818944E+00 -0.960924E+00
  0.187512E+00  0.131546E+07  0.130909E+07 -0.363438E+00 -0.243096E+00
  0.195835E+00  0.125558E+07  0.125025E+07  0.102094E+00 -0.587040E+00
  0.204158E+00  0.119539E+07  0.119068E+07  0.317904E+00 -0.933290E-01
  0.212481E+00  0.113146E+07  0.112686E+07  0.336915E-01 -0.584281E+00
  0.220804E+00  0.106605E+07  0.106128E+07  0.119592E+00 -0.247133E+00
  0.229127E+00  0.100433E+07  0.999383E+06 -0.158113E+00 -0.532348E+00
  0.237450E+00  0.950689E+06  0.945785E+06 -0.386452E+00 -0.185324E+00
  0.245773E+00  0.906409E+06  0.901803E+06 -0.276917E+00 -0.281394E+00
  0.254096E+00  0.869478E+06  0.865322E+06  0.154323E-01 -0.103701E+00
  0.262420E+00  0.836216E+06  0.832492E+06  0.108121E+00 -0.184747E+00
  0.270743E+00  0.803384E+06  0.799950E+06 -0.553627E-01 -0.172761E+00
  0.279066E+00  0.769607E+06  0.766289E+06 -0.280685E-01 -0.156658E+00
  0.287389E+00  0.735519E+06  0.732202E+06 -0.849126E-02 -0.168872E+00
  0.295712E+00  0.702861E+06  0.699529E+06  0.601913E-02 -0.624708E-01
  0.304035E+00  0.673243E+06  0.669961E+06 -0.178149E-01 -0.138241E+00
  0.312358E+00  0.647271E+06  0.644124E+06  0.493400E-01 -0.496017E-01
  0.320681E+00  0.624397E+06  0.621444E+06  0.552707E-01 -0.172691E+00
  0.329004E+00  0.603401E+06  0.600644E+06 -0.348103E-01 -0.637837E-01
  0.337327E+00  0.583100E+06  0.580496E+06 -0.639910E-01 -0.138467E+00
  0.412013E+00  0.432986E+06  0.431017E+06  0.331312E-02 -0.300757E-01
  0.503233E+00  0.319216E+06  0.317738E+06 -0.813141E-02 -0.561438E-02
  0.614651E+00  0.234255E+06  0.233174E+06 -0.579706E-03 -0.717180E-03
  0.750736E+00  0.170880E+06  0.170091E+06 -0.740826E-03 -0.697491E-02
  0.916951E+00  0.124007E+06  0.123435E+06 -0.317994E-03 -0.114397E-02
  0.111997E+01  0.895667E+05  0.891535E+05 -0.150326E-03 -0.412715E-03
  0.136793E+01  0.644134E+05  0.641162E+05 -0.722746E-04 -0.638333E-03
  0.167079E+01  0.461436E+05  0.459308E+05 -0.347149E-04 -0.217745E-03
  0.204071E+01  0.329390E+05  0.327871E+05 -0.166124E-04  0.141241E-03
  0.249253E+01  0.234367E+05  0.233286E+05 -0.792258E-05 -0.941174E-04
  0.304438E+01  0.166258E+05  0.165491E+05 -0.376757E-05 -0.821945E-04
  0.371842E+01  0.117621E+05  0.117078E+05 -0.178631E-05 -0.553958E-04
  0.454169E+01  0.830058E+04  0.826224E+04 -0.844931E-06  0.159291E-04
  0.554723E+01  0.584415E+04  0.581714E+04 -0.398699E-06  0.178540E-05
  0.677540E+01  0.410590E+04  0.408689E+04 -0.187736E-06  0.103173E-04
  0.827550E+01  0.287903E+04  0.286567E+04 -0.882252E-07 -0.377115E-05
